-2.454356724320762 -3.216340635083058
-1.8453844733799798 3.7952377714651195
2.360730771465697 0.4227016803250523
0.3129327630503612 4.258801478433132
0.7576919638301094 -3.553411447884214
3.6749841122718463 0.14827773147739975
-3.2223147353481933 -0.8687955746114344
2.192313794746444 -3.8957742514217477
0.6549172545631916 -1.316299867562852
-1.3834071878733027 -2.5314314428273565
3.988723439384919 -3.7010802595430983
2.953052781059606 -3.6786013905160453
-1.253874734342153 -0.26699651757933923
-4.440281099456557 0.4359221213266278
-0.013090432385458595 0.6555735050324074
4.315528005087339 2.053617064458872
-2.566332305894367 1.1088012055919947
-5.77366816445545 2.324243820817294
-5.096283453081071 1.1655583288363278
1.1353944753604748 0.2596134778863878
3.958624353621736 -2.4838655209968525
-0.2389542953354611 1.3273070471987296
5.483931644634137 -4.88211024590902
2.6970541346748966 4.502200312495974
-2.9660084039081047 3.898736685130437
-0.2263472061521985 3.6036889723784773
3.2047491825552816 -2.0683193011885175
6.829008417042157 -5.404335107177455
1.5758492215287143 3.1002555110174885
-3.5413444465978765 1.1992259958782086
-1.0042182891827183 -1.7659831900444565
-1.2140471733324958 2.317453738736919
4.163855598412624 0.5019845048371119
2.768847663255015 3.2222468767978705
1.2548728985433348 -0.7868619570639868
-0.7278874052957534 -3.0005826599447643
-3.8018914296031268 1.818062437382066
-1.5320671126649896 -3.061925290695579
-2.6602231643544076 0.34432272228690497
-2.456366224101361 1.4935896844338155
0.31743652359450625 -1.6395913333742453
-2.5075368093954005 4.868301576050975
-4.55811408150751 1.2987785253790953
-1.081572384855696 -1.1049117119964844
5.089501228345982 -3.1475985069412373
1.906955667955243 -2.535006265066529
1.094033237202725 1.214822857852619
-0.9012223681759779 0.7959475289588227
-4.846957156169018 -1.8967058437189335
2.7524865893925843 1.2827295357505344
2.9977363327546893 -0.944560693449668
-2.3358218883602433 -4.275329574359493
0.3609833723478477 3.678602505982316
1.9037759674285444 -1.413593378790437
-3.2001674432408667 -0.7384438208643389
-0.4321647272803988 0.12651011105786036
0.783770747316261 -1.0006581188337043
4.373113547343884 -1.5219781472229832
1.8146957986639385 2.9390283072248584
-2.53287373026786 5.6785497596016485
-3.777093992589622 2.9871005619008613
-2.800516866911431 3.2096672501234345
2.8011547253040234 0.08589893700674528
-1.0898615003534249 -1.8809642308596768
3.0508951956805213 -1.396032905975868
-0.07817576721916875 -2.1314298312833593
1.99897154351703 1.0350672012664166
2.3381291493674774 0.3663303775046203
-4.685996460678481 2.3173226135000764
4.8006957805548325 -2.742470799289198
-1.2959297208603837 2.083856627045612
-4.683833230668857 3.5117090660125454
-3.2204364791524176 3.6563354677212345
-0.7167866942798384 -2.2824344330818622
-0.5174652484825558 0.8605135619896904
1.3186096202217419 1.985981449681197
2.6850425585395428 -2.1343837262506407
-1.8016619975335892 1.6134667182576017
5.0530954905639724 -0.043864145448410774
0.24968655238010573 2.836091859982175
-2.634273337083802 -2.6299502324579866
-0.3532940696984683 0.6401943654669613
-0.5897605629265623 1.4890524303085018
-1.4431398830121276 0.7305250536227832
-3.9748699007658685 0.6637601713326542
-3.5252956931315502 1.347894333695892
2.1747906585678076 4.744853283626374
-5.071621058976389 -3.532800269165382
2.3177325805702806 -3.8745144897105654
2.9406846770943416 1.0181254827419748
0.5320615770874608 -2.8188759731145163
2.1541804221819607 0.34640383203026603
-1.4870067355595458 -1.873916907055345
-0.0754206783259177 -2.1581819678334364
4.838699920266553 -0.09487847860733734
-5.7769992111740285 -2.623584668952412
-1.645072298734485 1.1768349464115884
-1.5937563498258234 -0.47766800855992186
-0.5253830427465758 1.9456795659097557
0.683818829610269 2.294658942880595
3.990197834590063 -0.9528150350182325
-3.632198634419564 0.8342049900169206
1.2902500895400997 1.7238829270758753
0.6943088630277492 1.1186091815691857
-0.8686777210559296 -1.572936963414743
0.7400591948165427 2.966697441287349
3.4963570414805583 1.6244885216002727
0.8902652445677752 1.1072044438028854
1.0241905153984394 1.5802973655343608
0.5061667938303884 -1.9983222688576125
4.5633324505818535 5.500701857367964
4.324947405476842 1.521228325428095
-0.535150292852725 -0.4401710947756512
1.1920891508813973 2.6777455474836946
-2.384474629589925 -3.072278691611582
-1.320851009937373 -2.681056670237994
1.845409150240581 -0.8131837933932315
-2.8384157020428646 0.8466594351649097
-2.0113611205084974 -1.7148373490578108
-1.9701644118607264 -0.6764790107467342
2.6753737731062848 -0.294890796063321
-0.12810484097253239 -0.8199622519392502
-2.2779927123548367 -5.333916613528225
-0.8297579446391925 -3.0813539678044672
0.4941733498773129 -4.222476540436473
-1.9976855396153592 2.4831635415172837
4.570127130499041 0.5248097000008607
2.1387167144599832 -0.2410553113468028
-1.7030158289533905 -0.15834444227227565
0.5648411807637972 -1.4985251335684442
-1.75183017224487 0.22179693072860918
3.847962207486672 0.12820181259167374
-0.6009234276109252 3.2544601849537473
-0.7969744470507195 -2.814580261883546
-1.5300134052807075 -0.518623041187007
-0.889905170388781 1.1491997351246959
-1.0217161858003898 -0.7693765916313418
-3.941890963960618 1.6566684285298057
-0.4625535889701946 1.4794249042983294
4.6731520998729295 -1.2628065384338312
-0.9725183536878161 -1.7800611463487463
5.379619694416354 0.6299503347050788
6.506749025612969 -3.959938846482383
3.1036605427466277 2.6862934709483737
-0.33424954243307914 1.410041400981445
-2.9415685827701257 0.7640280610754879
-4.337547861025728 0.4748952881073296
-1.6455276450350222 -4.196304178105789
1.895011903864594 -2.2200217449418935
3.9063384384321562 -1.888706558243185
3.5686837881848987 2.2928050018079302
-0.6496206385584337 -3.031754667869291
5.668814667334591 1.545050693450336
-2.3677271373261815 -2.5711640880795428
-0.11219380669961598 4.71074962989695
3.333571782920327 0.5783813365735506
-2.703967935462471 -0.9463874212953132
-0.8302739580895249 4.106647523882944
-1.340556648259179 2.7781489276810123
-0.7199178614938759 6.146866746597905
-1.5055568684466638 1.7749410668147667
1.4552859183642308 2.0877154709802173
-0.624478037193498 3.777814909710942
0.21981669717646746 1.7913455742970497
-0.13718382836003767 -2.943862715117772
0.582413797048789 1.7621953958628591
-0.11815482752433581 -1.0695706694532445
-0.43632634481558696 -1.1924080151269552
2.509183371513985 2.8707915309942424
0.5565023842015298 2.36978686122802
-0.41156863784197256 5.199512763322097
-0.3707422239997844 -1.3908964130326993
-0.6854788374288976 -2.743101025303442
1.3326929109612977 -6.157653159388959
1.065115159852448 0.6789360817022461
3.7898397904965213 0.695108831812552
2.3238714104607534 -3.9629896746464137
2.3398605012285314 2.2882469693125067
0.42725013681062673 3.0321625813817548
2.848355646115446 1.7494184309916667
-1.5413402002212262 0.9313230322275112
6.546716137240142 3.503485015248194
-1.4531217266242686 -4.358450419390536
2.4181864224675644 0.8448069158233822
5.050231026090938 -0.64396799667783
0.46353173987034 -0.17518025537980297
1.4331186463867793 6.1617285761502965
-3.151191359037125 -0.125920393753299
0.03880446547462579 -2.70556945194302
3.8980668608493136 -1.0663104089485673
4.9860779773617825 -1.068259647685287
1.082682423907423 -5.946923160701115
-0.3227338317805062 -0.4363134841507179
0.889478131977298 2.5879329964998323
-2.2174999588389563 3.1862485481121654
-3.2994151968347074 -2.48255618611415
-0.9064349948405017 1.7369910677629696
5.50127634088633 3.0832428855328278
2.1186165888425617 3.90010143711644
0.6525346258269238 2.1228321114517312
0.25796204945422696 6.781780668296617
0.6988190506552936 -0.1059827318788266
-1.4089217427987204 0.7797090501717672
0.07087484763228558 -4.193764501105193
1.570103819346818 -2.4190680827540354
-0.8494004516781083 -1.2504299797200429
1.057543392525095 0.2595656547358125
0.10953045290049057 0.262562747979743
-2.549541883446592 0.5699515575296796
-4.3292358637339055 3.782964257005424
-3.848079725988111 -3.229827225175072
3.2142021718662797 0.42263761507926345
2.097582438396142 -1.8088121624647313
0.14054137267426015 4.888899331705752
-5.383033971506584 2.3382382129092045
-3.5767067111029567 -0.3722844654855795
1.1287848719019968 -2.6822022771637006
0.9342817001034991 -2.502457279441834
1.8389508797225855 -0.882786410457578
-0.8063515157416674 2.0797481619841105
-0.6890114571107286 -2.016457631152314
1.9611244776178087 4.847379744833297
4.157320178571233 0.044134790626132625
-1.93734157328335 -0.07449075621424006
-2.9049379782912275 -4.7884136616511
-2.354743148295964 -4.979407488859886
-1.184814758417128 -1.618770998787677
-5.201511005363322 -1.809886986900169
-1.1334196568420867 -2.3322063320136426
-0.5416411279463229 3.5427798203347822
0.18240236121635034 -6.294808984450938
-4.681774408329746 -2.8074496555038224
2.4404422223471323 -1.4666571127994055
-0.13671094243602555 1.5805520679840992
6.377709202749339 -2.474430264826111
-2.9771252906825483 4.1051116177538365
2.778589283200316 -0.29364545496109073
-4.914943843120739 3.231443635219337
-1.28930204227522 -2.496853012330557
0.02242549886905909 -0.7705555860464258
1.4579842718109735 -0.7809638419030867
-0.5940483910556624 -1.3323164535771685
2.4453884474983685 -0.008675465274464278
2.6660180634631674 2.8890124512313933
-5.012852053319725 0.08081499437293949
-0.5342243036003129 -0.7892656021355422
-0.7293445254392545 0.04999584474136842
-2.7157644881544774 -0.4329653107643936
-1.1090637466957283 4.133342227018584
1.9443119131692006 1.989291406624452
-2.9251600979906907 0.22566101697955343
-0.783682240044322 1.0383422770674606
-2.618817527605761 2.7465700872589727
-3.4323746773051793 -2.343774831364658
1.0150254825198681 -3.583266415335054
-5.718242422860135 -0.3031088734293679
1.4760508954459581 -2.948333034684562
-2.8963155904312106 0.27046706200800674
3.044128041185934 -0.2760212741739352
-2.428285918391362 3.7550442373522306
0.171353378036887 2.630636843753983
1.535681870430892 2.2446885169057014
0.5280133847265693 0.04904105799586844
4.677434941785739 4.134736196299062
-4.692678923294045 -3.672267023999147
1.6527790196775132 5.778335477364991
-5.75150882138602 1.1788114345410814
0.5289742275511617 -2.0955107652025813
2.6829884098030723 -0.2880341604591701
0.9029288222454572 2.3595452280433156
1.0926392087313161 1.4281572592876772
1.2510286072026027 6.367101301163105
-3.489338366948764 4.5389692758234315
0.19716102613039338 6.332968512851245
-1.1622824836838936 -2.6781258276699083
1.3098233528572116 -1.2801266541515193
-2.5497071923349033 0.7990799556264088
-0.15078016046043224 1.5393109588924294
-3.2637511277770694 -1.0319246160227606
-2.602353837896975 -1.8657740592378729
-1.6253554640532566 -4.280847814598962
-0.44556883011308174 4.687944564039688
-3.7735823000427544 0.9616906452182183
-0.1511168868836581 -2.702850026796992
-1.7228112895292553 -5.159856396545198
4.488380076840112 -1.0676344576830954
4.6307555428411264 -0.006249032956152645
-3.1098424862021306 0.036127994632333404
-0.20104222740202793 0.126549094601201
0.6304392662124378 3.98793616724525
1.9121958309024873 3.3546291512520385
-2.493170857384989 -3.425223880903421
-2.365533163400387 -0.30266897283682237
-2.3114889252444875 3.6434026873487597
4.350992974429051 -1.8098314370588238
1.0629230680097725 -0.15330241306510195
-1.0473187749431914 3.5708529690657462
3.6205188778463215 2.312482219844395
1.016982024752978 -0.46973132315522914
-2.907667730827387 0.8900916180664833
0.9427318371566251 -3.8629522483097047
-2.7840239726287166 -5.112389282492564
-4.940681623266884 3.939275040489308
-2.5262042989306788 1.19859796616463
-0.3142484276925728 -2.713658436263855
0.9987565025033067 -2.194119206280308
2.053800990052311 0.22330845278272282
3.2291816291049376 0.34722291560928265
-4.791856900778669 2.448584742749219
1.0123520769202914 -2.520158213022782
2.8459640056466924 -3.0280381051770355
5.985273397536487 2.3818010274907255
0.620075871794965 -2.335421158544258
-0.11856713954230669 -0.17262446232533257
0.5806204590787898 -2.403360268069547
2.011430156823246 -2.660504588723661
-0.9910575497659398 -4.357985709967503
1.6171845739860276 1.3046712907368434
0.19972972714949577 -1.6619029886711194
-0.10525421834037196 2.904607341322845
0.6104217756453383 1.57915282708905
-1.924186630390736 -2.4986770538652685
-1.7486535657948608 -2.075796974644398
-4.51895628499054 -3.212133438932787
4.272928277926137 3.0042732114384605
2.1518723137595925 -0.12886253401789105
-2.8957669634881555 5.34953295916641
-3.3294663721919235 -2.607788074987159
1.9014814660024024 0.9682991266865786
2.145486849970709 1.6126024248381619
-1.1692869959174566 -1.5158974560215759
1.1847593540108041 3.4819779481800115
0.30472958848389897 3.805211803309259
2.3872719924769656 2.299777557177549
-0.8680741193104313 -2.084531394120714
0.6216417006461232 1.9353605668859686
-3.6385076527558136 -5.006794889415694
0.793247782097831 2.1408879359596127
0.10334500528238433 1.6897900507974208
-1.214931176385071 2.962606772198267
-0.7193705663557286 -2.2943729486414988
-3.2471207516156833 0.8710810224750845
-2.5365548001501788 0.5767380467461491
0.42435751652697196 -3.870500608676708
0.11388449732559991 3.093544964824435
4.6922616265193255 -0.9802545008483273
-0.32364940112732565 1.4004259915890218
2.2074252831072556 -1.041198680031738
1.892866737792688 6.050234242641029
0.07347526783589187 -0.3201232703984782
-3.070227017543154 4.47531572232324
-2.2771783881601118 -1.024685799999926
3.5247057605710372 -0.2137952254500865
-2.897011725737817 1.5497162185819198
-1.375376687268644 -3.4105685327820505
1.8027012989931754 0.7645462576171971
-3.652637974055877 -4.442852961246053
2.2559277555445885 0.8997902538760387
2.2364856166747793 0.24311321490410875
1.235159740502552 -1.9151284181649864
-1.2795666622395618 5.204601766277531
-0.16219932597642436 -0.34210159036366505
2.356602924698884 -1.9405906340930175
4.072448562047802 1.964056556725419
0.5353338575322328 3.120979125264702
-0.33642091659454865 0.5027715805432673
-2.531391048302035 2.237524349537206
-2.4796812681906952 0.8868522786492874
2.250096389269712 5.626740713231488
0.12935268392842225 4.980678191328893
0.28673756044620813 5.17318992523047
0.3633939973304434 -1.6647075294574958
0.6045961428866296 -0.10752891059737824
3.3180947367761107 0.9359861089126311
0.3959914257542505 -2.283510745067687
0.9486737565274521 0.7766461566066529
-0.28766516630406663 -2.663124545415813
2.792943180853833 3.0882724688156618
-5.321219085274842 -4.977158310502009
0.49941352891922364 -0.7604858222641999
0.7519798730148644 -0.8138366785409148
3.79291455079549 0.32976005444491374
0.8460853685179037 0.9033894603017867
-2.5212227008083397 0.8885592331608105
4.839939099222744 -4.8362582495786866
6.256388182534953 -0.4820089818534994
2.4072698834775803 1.2316720741810507
1.3019380725522307 -2.5347955323430416
-4.018285203763895 3.913683869361569
-1.379454568356854 -1.0276578207299796
-1.7372533569639423 -0.24568006593710123
-5.067284125132227 -1.2805103059116099
-0.2905505863913168 0.5537371374853857
-3.5429577918692368 -1.7639692576476442
-2.5932964186154686 3.576518506945014
2.6865782722875 -3.073932257610043
-1.6785581783790056 -2.3185828184590997
1.3222206722082896 -4.3983975901701395
-2.798895980124617 -2.7169518993215847
3.3239756476854456 -0.4022195012864651
2.107473767070953 -1.8717258695573362
4.317048549807842 0.9191773610962595
0.7647784265364783 0.8043817867784204
-0.5808326747956896 -1.02725860843919
-2.3132265297784436 -3.7421465384360255
0.8491188033721468 -0.7634382529538746
5.740303991574619 0.08123489876234036
-0.2602956310869723 -0.2085784086547684
-3.244757581081905 -0.6172838787953516
-4.583809336232836 -5.5600481992732025
-4.778844965421976 -2.18670436671765
-6.791950512692726 -4.324738389693852
-1.2580008945866252 3.6013280765130764
-0.4003649806500237 -0.17888207931225164
0.6428350026468774 -6.432625159275249
-0.048194595898370385 4.582356376415091
1.8020029280783492 3.9973674725617894
-5.1894251166520595 2.288580646403762
-2.518531119277171 3.100232833968076
-0.6875986036973383 -1.0577404536800774
5.316223452123338 0.7512605580923695
1.8816861619878793 1.3998630821550364
-0.8004579910706953 -1.9717713172771898
-2.9273250720101673 0.3174697177092134
-2.3579134803207475 -0.6101284466641328
-1.07503711359622 5.374236934682419
1.2334313142698616 -1.697216713048827
0.05382240232394522 0.47413068062212727
-0.398203230718718 -5.188847274453856
1.547137810049434 2.4648976861354215
-4.919315742597513 6.2902418436272205
0.5163885852827135 -2.7115262136441367
2.482807095360035 4.821781664383305
5.2314865207358014 -0.9939775035469216
1.4881195108225516 -2.3678547390835063
3.792576113291978 -3.0126972785912605
-6.0081942525751915 2.8495514196667786
-0.9403874674441028 1.3538398023818643
0.6411845651196704 -0.8513585199920023
-0.8819662033255784 -0.6510529311020063
-2.6754922046582736 3.0991279823455606
-2.9048767647618643 3.1518446987682722
0.727332197571922 -0.15962889917104017
-4.4841606852509 0.3696944768042556
-1.2487488719693944 0.8274027030728859
0.03341419771566767 -4.428090308111095
-0.8490244712620243 1.3089085300545413
-0.44604979827283 -2.1398859549078457
-1.2631320237069676 -2.410719118272481
5.789829688308578 1.0915399442412563
-1.3174724624368652 1.1114411373888093
-0.5236351785732873 1.7950897705025888
-0.8038110390017754 1.0678903400121849
-4.1768545955580905 -0.6475741414865457
-0.43824999250189833 -1.8473023605575147
0.7664538789074791 2.783243572769333
-2.0728933268180603 3.1675279754212315
0.6639225398005264 -0.3791880532302521
-3.079354718967935 -2.5912377888539098
1.4941653393405177 2.6582848974054922
1.5835228498547473 -2.278972699860403
-0.5002871720160489 -4.0808891181900515
1.4655093499682978 2.173489729837819
-3.396758060994866 3.7968500588530283
-2.1131145622632395 2.881881986406463
0.6584470095385475 0.7696390525057346
1.0247770147409314 1.8292517851904533
3.8215126422522916 1.116864757356172
-5.101115468324927 5.219641654338826
-0.34848094999612217 -2.089242061025881
-0.12365689730551566 2.204099407905362
-1.7883672467512457 -2.8639371570241225
1.8007520530498495 2.1335211969043772
0.4477137905105226 -1.264878781539004
-4.209400106645698 -3.630358959351323
2.1357339771628423 -0.4887987286517415
-0.1870640877482561 -0.5422307011071013
1.7091623741492894 -1.083178663013317
-5.0281508506050026 4.405270994048613
-0.6000779858257785 5.219047830196385
-0.18159169418563614 -1.0632879972608025
-2.2080504620459567 -6.009955315310022
-0.42301806274451326 -0.457725718362627
-4.541549535910582 -3.734991352330143
4.151275211449672 0.6391012486051633
1.0574477632780899 5.455193843616113
-1.0092056132225975 -2.0973340883686737
-1.0886573659743808 -3.872520958573447
5.357457323042269 -2.6245709325212787
4.608022029388213 -0.6195457055611291
-0.588124977531999 1.8185278254296042
1.076930728176861 4.11725187827196
-0.2106775082184411 -0.2891102296349471
-3.7291766585731203 0.5250811047881525
2.40101309711297 0.3832861712041584
3.9510888937331288 -0.21922023106797495
-5.957052460423494 0.7186779627654825
0.829117923179223 2.498329591920381
2.454126712840111 3.578735692706152
2.46624579359299 -5.015672611904025
-1.310496112200317 -2.9473444983459727
0.5246861070529891 -1.930585185421842
4.009645892361209 -2.158959714005607
-0.36724228749417875 -0.5362503790983983
-3.4424647028423645 3.8921081307417436
5.199525500319602 4.531254777533381
5.596155141112327 2.0728806844747156
0.9883456182283625 -3.600844833238941
2.274393800333425 2.0376499387813123
-2.2319785966854817 6.100068060779529
-1.4702344787922392 0.9569709885739579
0.14138935917628243 -1.2326337813219732
-4.0079662164783745 -0.7879511534222914
1.2715762909205828 -0.16517576979460014
0.8052824568098726 -1.9609041223753918
1.589601160559829 0.38765469340838976
0.5955085352070695 1.2400019620541194
0.5080830168973094 -3.1506730762462993
-0.9295061509033626 2.5950297664547337
3.7691688283346947 0.4956034701768539
-0.5368215261061398 1.3900023819228862
2.212067558565911 -1.8248968206801859
-4.489728188405348 2.363149255900015
3.658355458573748 -0.5690510706200209
-0.5620681861242718 -0.1786323981669362
-1.2478711825083053 4.897773366423498
1.0365485293781513 3.7908603387064024
3.689947832652045 -1.6381416726582068
1.1490539888285345 0.7674927539207657
-3.2934454380787153 -5.7160725589638695
-0.8620344920632678 3.2166051171844714
-0.10157777533293544 5.053404237548768
3.324947994680514 3.6850393288090557
-1.0989404438282282 -1.93346408792501
-2.3111151433355883 -4.295541993239992
0.37804225112531675 0.7635861958442538
-0.48851991085471 -2.188596445996261
1.9237137738839483 -3.452391521163831
2.6503913727262187 -0.3516794307785762
2.9850886341063565 -3.5966269663851542
0.5657704847492842 -0.30108704165071976
5.0539427816822675 -2.519832276255945
1.5395648927636554 2.762613125214159
0.4700683534835175 -0.5557130324881103
-0.028269856877485955 2.4500400037283985
-1.6820780128651265 5.743934096433674
3.377110703854841 -0.28021752088815965
6.046399351776788 -0.25386031931774156
0.41405711474938256 0.5810529446147523
2.331741531392036 0.8524324418751172
1.6209386492195277 -0.6302392176858698
1.0894792413620271 -3.3533822285936736
-3.746072312647142 2.2540091170867083
-1.6542123044338486 3.918418115460386
-0.6460608541668253 -3.7730977637524985
-4.5223648926842674 -1.6622958827493721
-0.2504781618736609 -2.4602485807401546
3.323698236707041 0.4884670631340935
0.4454963795795758 3.0600547416178983
-2.710138154673207 -2.685343630875856
4.9890624846623535 -1.0904119356841466
0.3104732490995503 -5.449935088184366
-0.20495083276859405 -3.038524090078214
2.8494552470400425 0.4671456845584743
-1.0361082884817838 6.110206520984603
2.5302573759169613 -1.4759865751119188
1.577526679117132 -1.9091432273412652
-4.535605137306259 1.8919455780318515
-2.7034754448412044 2.44470462885067
0.7731199421142181 3.9993190791367814
6.174546076557126 4.818031945178091
1.1641207516395462 -1.9051335874058455
2.623947350525857 1.0463020624008257
0.3040092405084156 2.881240076249976
5.534636568082405 3.2093661460603506
1.9257555102536248 0.1373907292613552
2.3661243605992857 -1.6796889246057751
-3.049139741024789 -0.5397614807446427
0.24843867442244427 -0.13447204378365774
-0.7522361588270305 -2.4141535312601965
-2.642922094567701 2.397488488997679
-4.466960164046426 -0.8503625123278877
0.6457608008495641 3.276143439295951
-1.1117667828613977 1.9399186700507474
-0.13350253602227014 -2.2978525533341347
-4.821466576119226 -3.6754802128499957
-1.0565882144377061 -0.8068041571130111
6.033113498174699 -2.1599872054429556
-1.5087247430586606 1.251397400316043
-0.6148175904950981 4.093229996216269
-5.2115613147320055 -5.829023382008134
1.9448710355237804 0.7832822823523462
2.041396632978164 0.5740636612683021
-2.8895351342811253 -5.516777487639345
-0.34692630125154666 3.144215440324814
0.024733313581051353 -2.209844709610353
0.9583099641807673 -0.21967133915459236
2.2369941890584997 -2.6307520009120955
-3.339492089611797 1.630880425411521
-0.3477019022364889 0.013648525889598528
-0.49923386490357613 -0.7670157355473433
1.5924568984880105 -2.7022818781948006
-4.921706988064905 -0.950512052471991
-0.8706833564446397 1.1684448473534017
-0.529318839805631 1.5999806785534525
-1.977421445499165 3.5964025856797566
1.6610788774684393 3.84753015902898
-1.1041201371243838 -4.09858026723937
1.7700678897672626 -1.897743104682727
3.355306500477232 -1.9445702387450265
-1.1272891521539252 5.896318456282635
4.253750830201926 0.8043015291644866
-0.7685885210833798 -2.582535290425354
-2.293984553758847 3.382892038605525
-0.8621305409230708 -1.7219725657417158
1.5003378563576621 -2.538792124021448
-1.8004412459499823 -3.3497703640848155
1.1873238587159136 -1.7503981377391375
-2.0425530852756157 -2.331693272906956
0.6596858604264484 3.3191348596532473
-4.089648055756474 -2.823818972746901
-0.39911582468570195 5.5116134909897205
-1.3487142307800757 -2.1591612320511664
5.575367462301487 -3.9858787393306283
-1.33217605738812 -3.553069124621087
0.7414677549698709 1.9538545315421416
0.8727131292687513 1.8105744335214267
-1.3498567475885173 1.858595481272022
0.4025306669343349 -1.6892281803159834
5.931108909384277 4.2706380812839795
0.5281750945837496 0.216817534921534
0.45642768592582594 -1.0365247274838154
-2.300495456253354 -4.6764766352533425
-0.8463110238161144 3.8696764819677187
3.3517629290768314 -4.555507003766854
-2.3698736517985957 -2.553222257810451
0.6574177433753348 -0.9238911293907845
-1.7401418536326978 3.3229347870084656
-2.6688241632987726 -5.4779187610332825
1.3988320627732431 0.2700822093479248
-2.356502411489159 0.1758203829446714
2.456971044887248 -2.882675371373745
-1.7856685334197646 -2.5297575781504404
-1.5141480140668295 2.6923760215612598
0.5376108593276276 2.844010273057684
-1.7469835654782986 0.2637859793127797
-1.709032248433307 4.6265238328996405
-0.14995678402447687 -2.629020011667328
1.8846625956645888 -3.380002506832883
1.6203421895882544 -0.15850497877203873
-2.5618209797156664 0.1996563270989411
-2.13983957639271 -0.0384593593050111
-1.0406741857272581 -6.289953353354689
2.6438444521711535 0.19971146053148958
6.88211204063954 0.4520082038995783
3.375786664410896 0.48435364319854646
1.7536872761133315 -1.1955258092519851
-0.3998873097696607 0.7695509828423828
-2.0091452500852793 -3.3507432863232296
-2.9375260323754677 -5.109158185015909
-0.16644989806786215 -0.6156796345375017
-0.3070384647371771 -0.41847485956255515
0.2752928673299624 0.6385342324121535
2.9243233553031347 2.449013892892455
-0.6421097906459271 -1.7511243246613253
0.955894599795307 -2.3871249021301804
1.8109175143822855 -0.34487920525170734
1.1401074276966963 1.6918804304026218
1.9703210155457223 -1.912284171549386
-5.182088119400527 2.386370789462814
1.797619489983564 5.210946667658497
-5.774121212509706 -0.05584676297654756
1.4476240297626433 -0.028513442884030793
-0.3892810619132938 -2.7961270336599497
-0.09540990908437047 -2.288874406302932
-0.5182656448114203 -2.71590386469384
-2.7433100136274966 -1.5055237332373572
0.8303846975657301 0.7912100422117803
-0.43672791533587324 -0.28682989738322995
-1.5447890914741764 0.2827634640079042
0.44154557042903875 0.6463891873292944
-5.332451157301253 1.8007662685648267
1.4786717183530462 -4.266574239059034
2.6584011280948716 -4.391940907095656
2.3768205421076836 2.86159627599881
-0.16199839394290017 4.881319507694428
0.04472666827418825 0.6432697698094079
1.231550998188252 0.5916945651700956
-0.7045643110746251 4.504778732085812
-5.121103736503332 -3.3337565136799885
-1.062080637084252 -1.8933930132690613
3.991726879276375 0.7070400933080156
-0.13768089873924963 4.450185287699824
3.191366404800826 -4.307055583470005
1.907944083858486 0.4857949435598563
-0.1590458370188248 2.021462704186053
2.962774694705998 0.5468398170975601
-1.606336320075462 -2.1983782256480136
1.0609327728055193 0.9883474290593566
1.0079099870651245 -2.3016321202318943
-0.06483807532224439 -0.598320977390534
0.5231595586825701 -3.7652845485436344
-0.014374948202333898 -1.7678832885520412
-1.7478787809816159 2.3235375461190273
0.4830692891377488 5.37333305550373
-2.3455572780643927 0.49358189292111687
1.2502035988638065 2.976819803312595
0.4382846979296393 -1.4685389396858142
1.4683530929521984 0.47737991586944184
-2.641387695009291 -1.0631166340543678
0.38966183145694977 2.5420323024589937
5.8366232870750245 -0.4496743713749214
-2.5152494377383765 -2.915446694345183
-2.6169766633082094 3.227135551754782
-2.434250926739591 -0.7710436078691401
-0.43748840520348486 2.3477000063659172
0.5665824537364355 -0.46514976847604833
3.0402726586900064 3.7062027030082536
-0.5821909591306582 -0.8440900897297239
0.9453126922553241 2.78009778629719
-5.5424585072910215 0.3263488394455156
3.147269727596731 -0.8727544030187726
3.3512616481944786 -1.8519704711607035
0.9580743095825943 -4.421107023438591
-0.5860666387187039 -1.9838177983515521
5.3920925315366715 0.42506723748019104
-0.1767577554871913 -2.5092049429599728
6.007384441294486 -1.8664586997425223
-1.6977301206070534 1.7279424074721565
5.203455984536569 1.2662380894559462
2.4912768327412493 1.1159553358166248
-2.410052559763509 2.0301751275987376
2.398909438216331 0.5636611451540043
-1.940673532359761 -3.8301278486893993
-0.9282923954263704 1.6871330633759545
4.804147433837112 -2.57122193360708
0.7338913927606763 3.1170346994071396
2.4120763840922104 0.03912316917167047
-1.2777360802311826 1.498558301525005
-1.1849536177800992 0.10726526426588023
-2.1033168630133527 0.6494378763886925
-2.751379915183791 -0.5360751397936818
-1.1248811857749899 -0.2700001421231857
5.772417135634057 -0.31373410808531577
0.3750633166425468 1.598098687461893
-0.17059203615670615 -2.3186413922062674
0.8125633930354863 0.7338408759470747
2.030916978426151 3.7609553525022736
-1.0180531879225807 -2.2157546248523143
-1.779159779098187 3.161130226671337
3.4556619416911936 1.5459102577314745
0.23175368817319386 4.07621851879238
-3.6894816953240683 0.31724179550262366
2.646842785534612 0.14728189948162806
-2.9358972164551043 -1.62575617930837
-5.358072495414806 -1.5306199189533993
-1.735878742957277 4.107000766028635
-0.5772775122448439 -2.92079913304006
0.10058027348136322 -2.133927853749558
-2.6470160597225867 -1.9441841904076798
-3.359062591304729 -2.5555488504490285
1.1725834807134676 -0.4761734421330175
2.887735636159478 6.295716279377728
2.915070132748888 -4.857543998870163
-3.2146475551306866 1.692972339020565
-3.8606220786190826 -4.6788996603129425
0.42611557629209207 -3.990327896024263
-6.253871233062688 -0.28214137137198203
-1.7722500475059997 2.805913134727617
3.4752598639593235 0.8428668202169525
-1.952605572041382 -0.8119199815681709
1.7230072854256115 1.5915708996003692
-0.9586219267411464 -0.6297286737749389
1.9085613829494585 -2.523641932116856
-1.8835821383367204 3.9291895307598654
1.4660497402894475 -2.0240502406206744
-0.9366021276749603 -4.343592439195585
-1.2858627019426079 5.890469368649926
-0.6842231275740032 -2.2335526115094515
0.13726241262605132 -0.8062749949168495
-4.775171088576693 0.3611110404818034
0.20185098230454257 4.853415712982519
-1.2746181461081152 -2.0393439864437397
0.16308307698734525 0.23605484946864141
-0.35153265392145805 6.543066475772544
0.7973384186294039 -4.136511388245774
2.8345391393431925 -0.09597309655222341
3.4285075568298917 3.0986514584083515
-3.5490309503779125 2.5479387690526307
3.2641748199001377 0.33051675607971465
-1.9191023793567914 2.3857368815942723
-3.7425562111655952 -0.02402358835047047
-2.1269231344236217 0.8677064170129292
1.2751432345334601 -0.11991190197267053
0.4752464651703803 -1.1526413413211998
2.85589858717701 0.2788735190628242
1.5796020146262553 -4.8895346434019915
3.7748367029183205 -0.9376260429562153
2.157226231320112 -0.4605158679893355
3.7637054746823715 -0.8517085537176525
2.334150214812076 1.9952392932506733
0.6768891663326806 2.429031318683074
5.154064412801331 -0.12117628753728527
1.645877195678148 1.0009189562784329
0.9914304125044247 2.1902146812447505
-5.379244526813773 -1.1847614751046258
-4.525031931930506 5.658258297407686
4.478747205673847 0.7098878764312957
2.5025938352564614 -0.05568606471831078
4.547004061060703 -0.24833810338057835
4.285503809209001 2.474901843639149
1.5049397554098691 0.41469933869689646
0.5457233376064159 -0.6574598911769157
-3.0866943043469726 -2.7361981121500047
2.0471610436091474 1.0411586188901918
-0.3854892981996126 -0.3530254937809538
5.318809045904945 -0.0627522545723994
2.707033981526702 -3.0946860261892324
-0.9448827698859459 -3.138804116517351
-1.1012922927800455 -1.941914334323637
-0.4956517162539025 4.339488331287859
-0.9453751516076322 1.411276872669927
-1.4547263567973716 -5.719969596727116
3.8629363999281034 -0.33845098417091923
3.0938345125908704 3.9868378254017385
-1.9898940472375415 3.335097609468125
1.8441182203615902 2.8245150809745345
3.1445416078776995 1.7859648925960219
1.5386668634397367 5.748639281194595
-1.5635376076547942 0.22547492579323958
-1.7483872657526418 0.9964849777679152
1.7595934543099307 -1.7922488634520621
4.1106254951059045 0.9600786821128648
3.0352185791427466 -1.8013602505185269
-2.3436330881896397 -2.5093435804978457
-0.8412730735556844 5.989792771067536
-1.3916386068948534 1.690075941842471
1.0261108888464 -5.105835551544388
0.5605650009699001 -0.4305156841793454
-2.5025238040773803 -1.0125023728194686
1.2924545685095619 2.7328024177868935
1.842689304736541 -0.018604965826817754
2.302318391462746 5.282759133893095
-1.5605398437493951 -0.6098010016452565
4.558781459878991 4.985154746757556
0.9484186273433179 -5.453462837726686
1.5744072561184712 4.296384913954404
-1.6470557215187687 2.5800149488930533
-1.6967843307616066 0.6931961146933792
1.2846835208689606 1.2159568118264832
-0.08062991260777863 0.821677296384224
2.7928344813134633 2.7874271112618896
-3.7207358256596272 1.9929193694756147
-1.264654369249059 2.31998760813201
2.719138845129001 1.595428166196907
-4.164503467247788 -0.5595268322060141
-0.6538881738441799 1.0892563039256256
0.12280896425723231 -2.315097989219337
0.7664869745875806 2.9251892027863238
-3.474867939190454 -5.625414570086442
2.623621641256405 1.7451147530140672
-1.9839517222140264 -0.2513758925838685
-2.023938156945922 3.9102585816051265
2.416773831354643 -2.3414022745368186
1.6067737939766875 -0.11081143555282758
0.9011763863301927 1.534502330397633
-2.7058832735718505 -0.33072270894209144
0.13635327628002525 -0.09797090003271602
-1.9990572344656794 0.678935937439384
-2.2897696813120545 -1.1083144117992605
-2.6179994689414787 1.4185247744821878
1.357742560837432 0.17968899224609913
1.3194447977606072 -0.8663887459412867
1.1185279118991174 -6.393529250219474
-1.69544521635867 1.6442066468416052
2.5430098606734397 -1.113648632679379
-0.909059117841513 -3.9071559119895896
-2.43995073803541 1.3025817581617227
-2.1526752696137135 5.552965806001807
-2.505398066779481 -5.276497354771208
-2.409726702173886 -0.2344734756016913
1.8883355523919292 0.021383039707175033
0.5012174026141412 0.17407823727764377
3.2687121615371657 0.6056849363068064
3.9103142423772717 -1.6238476008761507
-1.8679101063676957 0.2094009435152291
-4.75636676231724 -0.4618120195073476
2.5488975528526465 2.296007394274391
1.4012049461780087 1.3832568093392492
2.27276190893678 6.263258296466482
0.5551882645831829 0.1963217195327207
3.7279512889884057 1.0721937664151042
-0.7691007505182785 0.5365357093832792
4.7270726128535 3.9644031570256035
0.9313751608803571 -0.8242474517720878
-3.2891956998505094 -2.8558349170801636
0.17431532829818597 -0.33071696297629094
1.774578188820482 -1.1035698048136755
1.0530874938294623 3.741425606771519
2.8427342428187785 4.831103153403406
-2.870844835542427 -0.06276472870934025
-3.405939217577115 -3.392323099742172
-2.423597967548039 3.0827659121294424
-3.152337760697376 -1.6597313357555747
0.6953000704605614 0.12316448490554066
1.4145644936887072 -2.2688726770825607
-0.29767781654254977 3.551308965610514
0.6636211165065968 1.9880154511575818
-0.21783592091360174 -1.815566643374257
1.5041630920087377 4.736431347567469
-0.010654702284917938 0.5349137449644381
-0.2093735768732117 3.4413312622083287
-1.8761089477589112 2.309591942955903
0.6413371065045492 0.4012538252934985
-3.3468927454043174 2.080220776082262
2.239586582005874 0.003246381559879108
2.522456461918921 3.351839855640386
0.11823388861924822 -1.384127863821823
-2.0268329806932344 -0.3991506354425796
1.4021739556235429 -4.181489185821934
3.5365542495591855 1.7146205974543345
0.8866755642277684 3.6698054662566504
0.5756792527585264 0.4558549846577773
3.5211972749335207 0.9064046521206226
0.8352470905376714 -3.7861593410601735
-2.6245687298955587 -1.2658996051990377
-0.3524430848151896 -0.03065816684932554
3.364274948505914 0.5684401183002559
1.537315803713561 -3.7570849477271353
0.5427526780804104 3.7028295547503403
1.3084691363480756 2.808864713425195
-2.7891737210709184 4.591252705708818
0.2828037465214268 -0.721234993203363
1.7481984926109826 0.7244980926369027
-0.2928042354728566 -3.686347908466244
5.209376160835017 -3.777678549328792
0.8666759954507155 1.6944111269073012
-0.4045224917176622 3.0425798822418884
5.4548275644268145 2.8052695363626983
-5.15486018452438 2.642272358326813
-0.6019894193559434 -5.783705630959098
-1.155039960919856 -1.4831110322570469
2.2202544058175464 1.589355841233905
-3.54341076218864 -1.2004638640256224
-5.290570588247109 3.1523326967797733
0.006989741995448107 1.8949292674065972
0.7988274245201463 3.7192307307414687
0.938120329473648 4.0541280249649985
-1.1830643743786138 0.15643849105025298
-0.07277303750807407 1.7346580523297996
-0.26757142388447175 -2.1387142898384788
-0.7947110453590058 -3.41631343463957
2.3041125144005745 4.7424066481822695
-2.9416683517349878 -4.700325946415215
-0.7517039398955032 3.89440328320375
-0.6963289642971359 1.2654695761201626
-0.25260991226985485 1.1907189856467983
6.24432136224327 0.43993406821664305
2.05476433081769 -0.736357123242878
1.162165734302926 1.92399839159527
-1.8357847655094446 1.5537058173195977
-1.4001954714352673 -0.2022068217471532
-3.1567955049081204 2.6864901384664117
0.11135506641132942 -1.5031651092720035
5.3945243111491585 -1.551889993198953
-0.8571588874549159 -2.037562534957008
0.22675779442240618 -0.571286669928222
3.287102825129799 -0.2552088689001222
-2.680863835028396 -2.3934360526710883
3.47597623297242 -0.029857599171649873
2.680368456771231 -5.147188266420552
-5.081993156726493 -0.40983459961374447
3.9143567280397757 0.13563520716810773
4.1884150076301685 3.7785495751571454
3.9760182192752396 -1.5097386091441525
2.100040185038847 1.0889977239144155
-3.5179018769410293 -1.937319120248465
1.218215963888098 3.947308365989705
0.08637613209100525 -1.0187701634771487
-3.132781423909502 0.002337161239040597
-1.4664437092568985 -0.24234185316870782
2.4302040495495807 -2.435468081204323
0.17394908294281874 3.8334655055622378
-1.3393574636027035 3.538484641571886
-2.892072457981684 -4.0477717904597545
1.4941120890836155 3.037160493114775
-3.305446702811294 -0.4326481292322084
-0.5198389126781837 -3.1530674757087565
-2.641439389363144 -0.9606251182894375
0.8304960267168338 1.2885959172336139
1.8247365490349008 -0.1518081613258726
-0.346521227022456 1.1528446997401045
0.7233111466391353 -0.05436246112877041
0.6186883881217783 1.012615244045602
2.296126472622136 -1.1625994992933584
-4.396164980726731 -1.5999609742287015
4.726897494288618 -0.18456037613649867
-0.5482982665555425 1.4903598945681709
-1.4650161196513256 2.4480116730790584
-4.8439639651928035 -2.4751790758151717
2.2520463626165714 -3.28731313755482
1.1090413779300068 -0.3099897186597565
-0.6194643296331277 -2.4096958102233446
-2.370073405210795 2.7368654367422924
-0.2942391339927659 2.386921097693354
-2.287896800994211 0.6979081031107657
-1.3942724631739791 -1.7010918707175748
4.848014101144409 -3.939045484456268
-0.34261666473642893 -0.24375531760011349
0.9174921976419859 -3.5568448645826893
1.5632883265424575 4.230173842095604
-0.7137241520877504 2.471698734502633
2.839207107910142 -3.1460460785438418
-2.024528438059044 -1.2448368865621047
-0.09635523700765924 3.498938391777255
-5.044184339735583 1.9961492130570209
5.498367311638927 5.320140437725462
2.7177336424500718 -0.035150875581726915
0.523165659307482 1.7985787431037217
4.258445577837234 0.40226917254747363
0.4301367844623085 0.45795504155701383
1.5760728035127647 0.12589926283694508
2.942976235092458 -2.2464498963135533
-0.5975288851328074 -2.525597125331417
-3.415512174014976 -0.41233660946597706
-0.06256512993109176 1.773619112627403
4.541434171215588 -3.963881670087388
0.5847478579651093 -1.6216323050731307
-5.783946686289612 2.734574077356091
3.5431088628311374 -5.96419783308402
2.120664451880134 -1.0327843825688772
-4.867132123986549 -0.986400336394833
5.258435082246833 -0.4961326516520961
1.3301156741206248 -2.2064301854086743
-5.599144279888808 -1.5273988914386776
-3.277109726271325 -0.388159210869285
1.696689497340773 -0.4136909324108451
-0.4709895593904201 -0.47554850585691155
-1.2078014334208271 -4.861838517689726
-1.292476095749345 1.0961388352686585
0.8897718425669972 1.3985517321715837
-2.4805507665309787 1.6341023971454574
0.38506433545646823 -1.8500161696935766
0.674052879228193 3.049557438171325
3.8678492174521413 2.146248847529911
3.1914598216404704 -0.09648481629527716
0.8089747743326301 -0.12451489084603384
4.6807697927157275 4.627327021195182
2.872543233904053 -0.6228020427605268
0.5532325614366806 2.943468973097927
3.2662792062355046 5.74925773658393
-0.4936458646793582 -0.44226389947519273
0.6083371926214518 -4.869329606583447
5.280525274328816 -2.106142641589307
1.6142526354994042 2.176763373755168
0.491976786022594 0.35601699351559746
-5.376011130396837 0.5377754713227887
-3.6783525715168874 2.475917000259469
-1.104443813893782 2.6902900943302432
-6.789556645459178 -4.613912646439787
0.2063641444405393 4.29649987207524
-0.07766150169557773 1.5482331315948987
-1.1903745841521889 -3.0926109863029674
0.3829200521124262 0.4583143502303697
-4.443631980872622 0.45871432217224495
-5.924919892887062 4.879976365380807
-2.4587336029572437 -4.27264546132949
-2.6028275344289256 2.835262358216829
-0.30820895904845447 0.19442756915466575
-2.81609253018307 -5.392828794689634
-2.197989700653821 4.528387747495078
-1.7554315114842725 -1.4639843255942933
3.627197043754127 -1.5216507435024287
4.628716059117661 -0.5046578394796817
3.0531291647251817 3.7517930976970786
5.144602228701549 -4.625014417428431
-0.5311474799672524 -1.899239531273972
-0.5547593645052453 -1.280355903976826
-0.01195535117062807 -3.4569465113875917
1.0214496784056646 -1.555141149845026
-3.7701253708951867 1.1371697866772155
-0.9061669809061932 5.159844411611733
-0.3038561694691575 -1.68392709638145
4.439830279900294 -5.1855596863330575
0.6787574718312994 -4.070213616740912
0.6882699556354619 -0.8619122540417683
0.476802903320775 -0.5836540415683859
-0.2995721040191426 1.890473539530369
-4.825223775131344 -2.5984773914532773
-2.5027660519044024 4.173506222154319
3.4657953772976944 -0.9857093273373387
4.806317817905185 0.9882942228016689
-4.768628602886457 5.460658481580026
5.376488244562311 -0.40186666286999373
-1.815924754166871 -3.9090934258786403
-2.7707039749950884 0.604235025587047
1.2764213993709426 6.706757385586246
-1.772951266639005 -3.739710015094444
-1.6833519630785805 0.12095016378902201
0.11022145770685654 3.1825010991063474
-3.1165998833394437 -3.1547145803628442
-1.6704348588515439 -1.0232987600371375
-1.17433956516295 0.23940091853687928
2.6590321243514747 -0.5913990946784886
1.5656121666186829 3.479433142719797
-0.8692269858349837 4.9732908358736925
1.0258028566797401 1.1588777989111612
0.48108651651880185 -1.892652802241138
1.4453545680623208 1.2170754571783329
-0.31985332496228924 -0.7308901852941687
0.8841111163382345 0.05845704323752687
0.24158199806964953 -2.1468725646913454
-1.5469770067745092 -6.20060680325274E-5
-0.36028190914687286 -2.7687190088026234
1.2047973389474613 -0.6266901623572261
5.5433038352243855 -3.2846862783740676
1.4961534938126233 0.9481661114021924
-1.6531746749247267 -0.9702554655579969
-5.990702754104727 2.5065258519033105
3.191074337765773 -1.0534288016484687
-0.606859902684536 3.808509387204908
-2.5005561899918174 -2.1024302327569107
-0.8923872736110514 -2.5613340427638667
-0.3472906052172364 3.075452098137262
-0.7376165306653286 2.700095420941072
3.9372712318879532 1.5931173419153684
2.001493878952248 2.6622403321545995
-2.7878741478467157 4.134836069097956
0.3095349806258028 -5.673295832933393
-2.0490727448348807 -1.9230128835175808
0.7987096847660649 -1.4258539950664355
4.371274128612893 -1.575435632337831
-0.8286071163140698 -0.17528309988577406
2.1529821143741135 3.455975469256726
-0.3274564085650504 -3.1059001078415296
-1.1238652345104612 0.43814207294888785
-0.9441669828738739 -0.2147139486192109
2.0016559394847278 0.7243070619544487
2.0806042999424914 1.1782266307917442
1.1614616124538544 2.0753364961709893
0.35848498917229144 2.308796280112074
1.3976059420537696 0.3207634152740777
3.3709198493161594 -0.8891190585368745
-1.3889934178834393 -0.995971046526793
-0.3080635742683322 0.23366427767459896
-1.448413491037682 1.7484752773974996
3.13248308955424 3.1535039763540222
-0.8720530381269667 3.34331010127425
-3.863831241624225 -4.311534561304617
3.787352419938884 0.8451786181520218
4.212260638093031 -4.4897217359605595
2.076965938646393 -0.4222652726608098
-1.0136481950627103 -1.0827116939613957
-5.1465105977795345 -0.8686260888167356
2.5664365407678966 3.098366625006734
0.4327656083526277 3.8957576536178022
0.3432611199174209 -0.9468863020434326
0.6788249052564472 -1.7973874212065892
0.7474683455304909 1.9448963123168928
-0.0334829670012442 -1.525321611985002
0.10117827908548699 -2.6811925631633597
0.832553325619608 -0.8846618250100442
4.589974925593043 4.059387168996204
-4.483105151298544 3.743552595886128
1.070604652598405 -1.052430156635387
-5.146496491257628 -0.6118680531003784
-2.3964892951747645 1.7650631945252666
-0.6980458133767848 -3.812749801452748
2.1019746812061437 1.0446580919519493
-5.205548181084933 3.0953231156010705
-1.767809438119449 3.975557591978295
1.0388913083959812 -2.736584996305752
-0.7079122514574985 0.6148574636231947
-0.1114398865367463 1.3455833111220095
2.3123183856620604 2.6355891462315837
2.243108441483911 -5.492693722620249
-2.722491385311133 5.197709935524051
5.430980551538692 0.2874843492389294
1.1668988502982378 0.7956543192413608
3.610088709446593 3.7564822267025173
-2.7995508248422687 -2.838993179130716
0.09393010587433981 -5.458133690255799
-0.7646664560124641 1.365582572396583
-0.18342033249297957 4.589550845753902
4.642707482198022 3.824343531952584
-3.889484199478546 3.748542350724123
-0.527477765713324 -2.1597806863816924
0.8270100132515057 -1.8229641877738185
-3.072915110743465 -2.427646955189853
2.8191991285145956 0.8418514110272803
0.9498382960315597 -2.68714753371376
-4.8918299932167155 0.9777341072230157
1.1385276053402356 0.26865154072444897
-1.1577593896639415 0.45935345824937857
-4.865854400028926 1.195415240303812
-3.1202166079837905 -0.9335621970817078
-5.453420519701359 -0.3325663903578733
4.938699608338607 -0.007360239182110817
3.183527251853288 0.41878167042507997
-0.9937290720812806 2.0832614037985477
-0.24155175783048755 0.6679414129882635
0.30177952819575893 5.6676158044117955
1.9295178252939067 -1.6459040842247459
3.554095403720738 -0.9707079521861897
6.112343662430527 -0.2133173990826016
2.378711453512989 0.6789525128056622
2.8199181160135876 -4.305263755049236
-0.23912488520771857 3.957190924996344
-1.1742119970197535 1.6340663254800067
0.07607743913653131 -3.7943766236456713
-0.31065952830772936 1.6436809561145402
-3.439769879475562 1.6235313704576653
0.7036493872179825 3.897047207266678
-1.2729024304892183 6.06521102976963
-1.9700578143168723 2.504961735054125
1.2030420117464478 -0.27938187320090346
-2.901911246140349 1.1492201825118737
-0.9765240453181762 5.033095567507248
-2.2115108866496036 -5.470148971216411
1.651435128990534 -1.5429932227425172
3.0384433228971615 -3.171881896568909
0.3745908467241139 -2.9961843253341964
1.6663187063557898 0.14456880659879334
4.706652496784428 -1.9568493829633478
-0.21201883918163955 0.016998789265606717
3.3810893257028396 -3.9367641265184083
-3.8416269787702517 2.903093625168084
-1.7761800440151458 0.05708265432873816
-2.498525755569467 0.16649230138885018
-4.861753426193156 -1.6101315373157719
0.05053631156833305 -1.1427367316095967
-1.0596960513844067 -0.9738212956505241
-3.2865610925352504 1.061369842599032
-0.02510622087964265 -1.6293822763421417
0.3051342853735126 -2.2180522081857905
-1.690080199154831 0.1343760692693019
-3.624134978807853 0.6667634241216929
-2.9002491498419865 3.197409001309928
3.4088815284915492 -2.9370271722747714
-0.9562049163376941 -0.036895034097463864
2.41056270082139 -1.221508581850446
1.5339908887209397 2.876788779346136
0.4817021597219956 4.6065342047533715
-0.2717210279134852 0.6910818583740637
1.6533106696201822 2.2927665825831927
0.22923993319268 -2.5051641805254894
-0.22174121157947813 0.2320250251592102
-1.779531519617671 4.508025095058063
-2.403233585877433 1.8036363969281375
0.9272070346885757 -2.3070344180596716
2.342247660933835 0.7520756501388899
2.9280242046251894 -0.48596324964271354
-2.6757367153029215 -0.17129944584026396
2.6288653063909644 -0.23722210063485816
0.20162587024029044 1.0784765764297863
-0.8434060599338058 -0.9667666406513904
1.083118836381328 3.648777749327528
-2.1723669434434836 -1.2262198399980098
0.6475815183977485 4.195892312720116
0.30970561232487537 2.348508275308078
0.8128680027018582 -0.870066511197471
-1.0305448957416319 -1.5060604786536729
1.1277983801451863 -0.7402801040146514
-5.140838712436816 1.9207490232656363
-3.7563714344613452 -0.5764389771226393
-1.0143707333186933 -1.4564446013983667
1.216488456103253 2.117842321825285
3.6374881736041553 -4.603934777980509
0.7284020376552718 -1.1495607120680318
3.693488059029371 -5.104000160789965
-0.10832110335946998 3.789850399988671
-1.008009369292021 -1.2397555642514928
3.269679071291309 -0.0819658186745924
0.18331903499155366 2.7288132998305397
-1.2337358700113747 0.5800116184668562
1.9082908724087648 -0.9003283357724168
-1.8429218538401881 2.8665173585824113
0.9381923667021126 -0.9569994050640709
-3.134306068669893 1.770786711416143
0.41928576214165325 3.559191443767925
2.67664776599082 6.372675926514683
2.833061670395049 5.108204875227035
3.1916934997865116 0.353259559746248
-2.830412697591531 -0.5285464985066498
-4.011055456981127 -0.4850428906247507
4.523004464375512 -0.1263517656735358
0.2715105435226466 1.1883934356361392
2.493927475942024 -3.500332434108185
0.41799217903821617 -2.0154619793550816
-0.5401536358277772 -1.454461515775396
0.2030236983446827 -6.457945754572086
-3.805540858011021 0.7699711386067127
4.573779099584782 -1.7726018477691157
0.2300519850295044 -3.9489771543819785
1.9271509503639446 5.191655763273918
-0.8998078345251557 -0.6519921431754363
5.816397810123043 0.36837414120694945
1.0246654145048772 1.0162115694220102
4.078181889571768 2.229684032488616
-0.15153294295763176 -0.6261056927113291
4.899046137681312 -1.581036326329765
2.1603891927695433 0.5744228863355088
1.380003843330189 1.8123704706073678
-0.8818103887207691 -1.0838419006842686
3.2824867539898186 4.717629879805021
2.9868555762908335 1.586923892620077
1.4284582642090822 -3.463005369658167
0.7424891332530139 -1.705805293374207
1.3449641603204645 -0.08959455286907536
2.671194618863389 -0.05392728152629456
2.614420583645588 0.12520860771512693
-6.267592232034927 3.06149919496658
-2.0844708435843327 3.621026560726583
-5.376565975613849 -0.15045344597128807
-0.4730041242546754 6.718257065378571
0.20749591925242283 -1.383070683242169
1.4953934716050998 -1.2551720955135928
-1.2682689721914155 4.397887957970457
-0.7476206032219661 3.9704678721090216
-1.998558737069295 -0.5437241178767501
1.3492957357477584 -6.676460580502352
-0.2761305900463231 6.630479572085767
6.561657913919074 -2.009999385422455
3.42705478916748 1.8455602179562658
-4.440955505402649 -0.36011854523424686
-0.30067035667398767 0.770124673890721
-1.8002346934914344 3.000675887051698
-0.4851347724497417 1.5877293360652303
1.8638018159896186 2.49294175041447
-3.9774687532266393 1.5273829147904676
1.2534923799231406 -3.702284090456064
-1.299842754684474 3.2474651102273038
0.7913209932827234 0.9338427993789207
0.13811308085029905 -3.408629946074715
-2.231750565496406 2.4389020404217776
-0.29681624465333134 -0.5955263514959093
6.381830578524321 -0.3397716650650717
-4.9325989664516685 1.9519253641662493
4.28583949408913 0.9926448768430598
-1.762247394758011 -3.160154382622358
5.424220049640977 -2.075326978016836
-0.7316129026920674 -1.0913313306451524
-1.5886558321826783 -0.31740967595047387
0.4270643569771724 -5.13605641616758
2.052263336173321 -0.4316929994412564
-2.689848110402134 0.053584240337819056
-5.8359902011290465 0.4421420679233983
0.0697764139871655 0.5891060678755773
-6.221881028145168 -0.18103640040477886
-4.982912750072832 -0.4487073192852675
-1.5542705645177806 1.4738518619881362
-2.7711976453411458 2.203598057117847
0.3705977924297106 1.2481155507009731
5.9281948711087455 -1.3767894610090858
-2.3338693287911303 0.7774924606915765
0.007797527449150188 1.0765855110527578
-4.339728782324775 2.116468401599615
-1.3774326636884644 -2.2292845095134615
0.26729251450388336 0.44487456118290836
0.6581704429580375 0.45026308223008416
-1.6297405983850124 0.9325154146322037
-2.174143234044948 -2.3447603028552275
-4.029048164304432 -2.739105133958569
-3.163843415284328 -1.3345583726881727
6.620919088747778 -0.9861069284225863
1.0110030888218906 -5.989769147444401
6.01679587521953 1.7464539081183137
-1.0328436103926322 -0.8297089770850947
0.35380307925292087 0.13884508341670065
-5.40290336029632 -5.966751890706727
-1.3774336260012694 0.2695454086729665
2.215634613448689 0.8833155677085271
3.267772257767847 1.3947206661135962
2.5934172150615344 -1.0467351612940687
1.6548514811399704 3.109810372188888
0.47104046689403 6.0981312169635125
-1.9421640333093335 0.0781950751256123
-1.0447257103558936 -0.22721256937443002
2.967515201236524 -4.737248747721851
-1.091749323599514 -2.086008337110741
-3.8204354042753836 -4.333916516198221
1.9460957969223776 -0.004674568592254236
-1.364913885526101 -0.8939715696703645
1.1963546500005318 -0.19382216278634345
-0.2489951972799982 -2.2160544012744694
0.013513400588968105 -1.8361931083680867
-4.02662418588598 1.2587221451096875
1.1285171316095344 2.7177780849359543
-1.5259721793431569 -1.4652942549395158
-3.709537504018129 -0.6519330697585025
-0.2031568867939333 0.12020866568288024
3.690674378017845 -4.844372991988988
2.190555556122264 2.787824143051987
0.45003972204525944 0.14569098750471166
0.28875241369894455 -1.7023540857768678
-1.679372015208655 -3.211214060179432
-1.398677716239923 1.4067916799285944
-3.2697092790311917 3.24708907457791
6.558199578508283 -0.004035508137902877
-1.2224069177927817 1.5380734749256848
1.656607829593147 0.5012979437528573
-0.22357650546013907 -1.0168037095983387
1.2558388478757152 1.713421649130563
-1.1089997106659002 -1.4911505313356352
-0.5983498500749482 2.9431889613204287
0.9568139175794279 4.719152610342901
0.008162677040247424 -4.996366558023817
-1.190919954717454 -4.641099248075535
-2.832650257949828 0.37503352858414063
0.7855373614709684 -3.426440606208249
-0.9696108910954395 -0.8347619899608922
1.21669297721161 0.2853374332635932
-1.97935126477961 -1.2578530920402045
-2.146845145334402 -0.8732229464083447
4.167189580088946 0.2808081573734911
1.9710413142099137 -4.292633533547068
4.48832398179845 -3.6883538868324712
-1.8971205673183178 3.06741110461026
-1.1178546919954289 1.7013374279255062
-2.496640906682308 -0.020919402256431407
0.16034862369631409 -0.7934032273649407
-2.3738090287753106 0.2991167629591347
2.4737489137167943 -0.3119932445214365
1.0998011369850698 -0.7338348993749002
3.6730834250303097 -0.23105597539684286
-1.1429654540770717 -0.9635177148588785
-3.514423789402745 2.7119599492995787
-5.970399249911471 0.11689880888062143
6.121631452276256 -2.3922605531377155
-5.889834662111551 -1.0207187207250157
-1.3306337891835374 2.9946644683440002
3.6760054243575704 4.248911491422547
0.598787873473261 -0.8329556783140648
-0.7321338077702286 -1.8676073918857239
3.464733267559021 1.8081443075209016
4.14658517299571 1.6686172062016222
-0.4014395223175846 0.5887545926671902
3.0511192468263775 -0.04935324832250476
-4.284834355758738 -3.855736267103389
1.8447448520318215 -1.8865973710715336
0.8818380388320453 -1.0076825759102825
-0.24399177882675627 2.049492645559986
-5.637963242723589 -6.597828133938256
0.7267463679992066 1.740045616930683
-5.025196588946886 -2.6187406554624033
0.685362772610699 -6.166348281069959
-1.2830308588258874 1.0043926611223082
1.457868897616866 1.4572564971030557
0.011663172984804904 -1.728195094102801
-1.5641659974237978 -3.763854139308456
-4.945193320493365 0.15427017253855024
-1.4913981591778815 2.282036651238456
0.4378055851985394 -1.5784271530086067
0.9686686873719061 0.33667566891322664
4.908828179953064 -5.054747893388784
-4.681259285230453 -3.8025635185422857
1.2802240386911388 -3.000443223716603
-5.08756279517818 0.25373922065459764
-2.9430294528768055 1.6620982640448263
-4.076650352695021 0.7196600754118712
-2.254140167986491 -2.3364854522530045
0.8844837698668204 0.3794458262613749
-1.0400017334425304 1.4525667041109058
-1.9892269721820657 4.605299155154486
0.7711690098316621 4.375401156646235
0.9708418202070312 -3.09969352348959
-2.567918651183757 -5.18334769178858
-0.4066743283269403 4.0815840355830835
1.0621941160112098 0.5691064261380623
-6.547928050827085 0.8569136700901394
2.3622797328921443 -4.8744683634538895
2.423270940903903 3.390681375747004
-3.166923121696799 -2.5945290645645214
0.10489382718161488 -0.27068322489475327
1.7835341512305187 -0.938566059352353
-1.129906873875981 3.874015366803304
-1.1052587589255305 2.4075543290990877
0.36707702341549053 0.07589947164247268
2.1566137187757057 1.642472394694522
2.502286457843029 -4.435623580978229
3.9770121377881855 -3.6182797543894223
0.8244861930385712 2.5194630543383987
2.0696066699981577 0.38274332662541255
-0.7410520705898671 -6.3017766638418315
-0.41246685939113337 3.231624417022054
-1.8755174263906227 -0.3569966241825213
3.0791880694533127 0.2456800553501357
4.278048371951943 6.284562636692526
-0.575621568835559 3.425228561648267
0.25235500150599677 -0.01748692956036546
4.792146294398499 -1.6047112544952036
2.003829708123705 -2.5298607863496527
-2.4983208429641874 0.05848224284226511
3.1627087052438743 0.5952662645660354
-3.8237650659399933 -3.8272639615022577
-4.235848015078493 4.809646780919294
-1.2655153867536457 0.8679790702315466
-4.059773266401459 4.8483866155944435
-0.7330464155006604 -2.223464108854869
4.247838869611474 -5.916994457461309
-1.2037211717488359 -1.0618460766851925
0.20604878230935464 -2.9328709237417048
-0.7414453384185444 -0.3132096109598681
-3.2920821083743004 3.8810901601202246
3.9138436414354443 1.3016492783402067
-3.7866615527438996 -3.8089275353649956
0.25947530399947505 -2.111171508532968
0.7928265876256222 4.324237125552718
0.6083436599879799 6.368699025566686
3.910100713842265 -1.3723023856597059
-5.507419871279366 3.8690486070236805
2.604521639390706 2.6355251531427157
2.4954832336351087 2.1926471439707993
-1.0060896353106772 -0.9736902713783572
1.1090699347384985 4.181920625886948
-1.9113773275944697 2.777001559849836
0.07630481195848143 -3.893991500504868
-3.0397872458965787 0.0027419990391878146
2.42632623827439 -6.247658740702392
5.461763231725543 -2.250235739214975
-0.1911670861960877 -1.9182522988058823
-1.5418843613958417 -0.7788062314591402
-2.7976375331137007 -0.9578253220314572
3.0738325193524467 -0.3933858544121378
0.9795866242073616 -0.11885438137640286
-1.8728108078243975 5.505035304767888
0.15323659929345235 2.5279077032589714
-0.28912710623068894 2.689558001241616
2.0465343398640887 -1.1329694270935964
0.4241338039492586 -0.02704265192216937
0.44614197783993514 -2.742544422800105
-0.23243900145180785 1.717263134222093
4.46136859394819 -5.193944118754537
0.16424134032419235 1.4382863670636281
0.5663328601012347 -0.11730831663399055
1.615646634019932 0.39225547420223617
0.07377297968322916 -1.5831331381699751
5.005138087260507 -1.3710519602499418
-0.9820545782256467 -1.9985293243701763
-1.3207746381351453 -3.2905071176366265
-1.1710427861427153 0.3952665428742814
-4.196443078250098 -2.380478439238931
-1.5478216457432086 3.7626802819709546
0.4465769261268564 -4.061314604736192
-1.250192498917381 -1.691054497442183
-3.0524671395744902 -2.0356268634870114
-5.265576066192298 -1.5100035368126274
-0.13920483703783937 -2.23349592728503
-2.124742998184656 -1.7577609596560002
4.720077792558816 4.374245030163836
3.527461302663701 -4.7134636486666
-0.12476429369433806 -2.6258531089414983
-1.0093584748864952 0.3499526988266224
3.159638192592217 -0.7330580701443439
-2.1703063975616206 1.096105079231692
4.258649793461672 -1.0670378229562836
0.6316324542871325 2.805900154602262
-0.10429278678525389 3.7060974746937525
0.30498314367133306 1.9126870228968107
-0.495821427690593 -5.1602642173217985
3.995848782261234 0.7465480473425892
2.181131092612321 -0.3415964303211805
-0.8590646755016991 -0.651380911725882
5.675429278066796 -1.316129164297564
1.398436520060546 0.15275937201531864
-2.0743562567231235 0.9726905572824247
-0.424952521259665 2.8715515928802917
-4.338468838285781 6.674551630299391
-0.3670996418672723 -2.0829477370779514
-0.2808175579370305 -3.549514621089138
-2.31710790304091 0.503180138612402
3.2117149199833843 2.862075625734043
-0.9762206138599998 -5.776605571456059
1.7159564149314672 -1.6595986716306599
3.7791272950720174 0.47657999832578213
-4.31634917781901 -1.242526235788442
-0.4840406845718457 -3.98530889272122
-0.6232885088387783 2.6152404126860835
1.6017506396561858 -0.3423602784516844
-2.304957745812697 0.1966160921651232
-3.0023623066751868 -1.512703989814937
1.015898530661659 0.6102268325137041
2.2878322560043682 -0.6890974198034598
-2.5534894395855607 -1.089939948428425
-0.8509797527655127 -2.968915530606492
2.3280720119456952 -1.8254240938764887
1.1786650204900888 -3.1103984623899996
-5.884974266080659 -1.0648154377388113
2.1901568925916837 -0.9523690525811386
-3.384449967960223 1.290855152576162
-2.8409243067821883 5.370661606074458
-0.24127199399820842 -0.3471764506410907
0.16937921819172264 2.2264235194745403
2.601059367018853 -0.7156235469592849
3.225719905587204 1.20923497715235
-4.788127249440296 2.5437159978638206
-2.8390154468736526 -0.42174937746965047
-0.0027324782645912205 -0.4071676476490035
3.064967203044973 3.1095725116491444
2.1020427064812424 -2.342421221428395
2.9698963456878857 4.489464102677426
1.2177966901876944 -0.35472893950066986
-0.4803232237991555 1.4941014054291397
2.2959753054913623 -5.902965460548582
2.1729521679467334 -3.735284150037872
5.706052642631561 0.20728593168705967
0.4256275873878512 4.058937332266024
-3.2829805435597366 -0.49390493715032946
2.763071911937886 0.6894492302022641
1.3303724126021363 -1.8612719614645643
0.20778902263658727 1.7484714636332725
3.881170028577034 1.2105168605248262
4.146881567421265 1.2235362642235073
2.850186398631977 -0.06680703787349662
-1.3550749743543244 -2.424007989501645
0.47925950779070625 -1.051098581320169
-1.664851395996409 -2.169253705354264
0.885013521186313 2.6191609073895643
-0.02449599040078998 0.9891049708028179
0.13977367136407537 -2.0978042700217725
1.4901431434413084 -0.6598537552673001
-1.717346943696906 -0.69246107072115
0.5484338895243548 4.876669683972228
0.3950761243955796 3.386586181544577
2.7159751555242337 -3.4696640723817245
-3.0144198416584516 1.0436493993664895
1.2078453123117958 -0.4544996051803407
0.7127576007450351 1.4799688798387338
1.4140756418472806 4.108447564566079
0.03202964233380978 0.38918855644003614
-2.9906855033170126 -5.123693668170666
-1.6344427740222722 0.8352004618596243
3.173495008955693 -2.4284322674676546
-1.662642874279686 -4.160126498611144
0.023896406757788924 0.4063671850190298
0.30391760746108787 -4.677351154110987
0.4453806455738185 -1.8491518620540903
-3.5500021767758025 1.3311533568855318
0.019059202925836516 -4.135082415349194
-0.5798020629385516 -0.5924526585876178
0.8735219239680236 0.012597892129090127
-3.11783312900827 -1.298726733855644
-0.6865985676619042 3.8863212572431394
1.4613618834652904 -4.8923383631895465
2.6567348626377303 1.0026871675600728
-4.988947739075089 -1.3893188451655214
2.653275060043773 3.6603522629783782
-1.6590807474836262 1.9457993249381023
4.1189491495238 5.798243553006475
1.2339934082566675 0.8591573474241989
-3.8507966936885936 4.153574462651426
-0.010069331975165685 1.8580999636468687
-0.7236407587521883 0.6831502271373608
-1.1874978663891815 -2.349149735482401
0.2260526006828143 -2.4259511632669475
0.8899979932554878 -0.8418968380213767
-3.1700409767912214 3.485847362264361
2.5310466018169007 1.530751379381413
3.67062511325489 -3.413320170598221
-1.3493183789877334 -1.9777698722413257
0.9454263253500317 -0.21775638676434966
-0.7594229845404064 -5.536986088764948
0.699626220721909 -0.6239596116702799
-0.5434167275623047 -1.2970645796803248
-1.3789326943930913 4.617238849632104
2.118005770005344 -0.16471624343893243
-1.507750874105839 0.08020676244615288
0.43570920347559094 1.7713379811322274
-0.5395389264951715 -2.0278834196048128
-1.3497660754161673 1.3622902283677352
1.3731258473933696 1.2411206676203452
-0.2624141984849926 3.727832745879434
1.2710202161842679 1.1800678169969174
3.510398428520676 -0.4073751685880824
0.7127020996051696 3.4199426928281067
-0.7814889014581832 -0.475598620045398
-1.9830461584423125 -1.0696248687718746
-0.129973555793085 -2.0666767288736847
-1.4368594537760488 2.321167930310249
2.211109293225544 -1.1567407646535464
-0.7211982716900801 -1.0985725126023378
-3.435715499030384 2.3297058020524606
-1.5771598437938876 -1.695221294527414
0.31135790742388103 0.33145163146027334
-1.1678861339674589 2.960840807240804
-3.4169667884903725 1.1605597513135817
-1.680380374584793 3.781937747532629
0.664774694518643 -1.6344724960411663
5.195944391904873 0.6494134495407793
-0.28392020771272697 0.23440385391196328
0.8660732586678148 -5.4365177906092494
2.1345749768146405 0.1819901714613158
-1.9631406385850867 4.676310133419797
-0.3867039001844841 0.6132991415031601
-3.633682342759205 3.066706118316037
1.6795631486368157 -1.1295177237280432
0.2836244867935436 1.658563868912708
-1.0667088977040726 1.9182382477556037
0.7830818661807595 -0.49435605850420095
0.2090417402409841 2.73938429115018
-1.491165747538975 3.0427383946492856
2.1926952260791084 -1.7322026374028734
4.309719467812974 -1.479459048271579
0.2276573052420634 -1.5447242168825905
-3.995953641064635 -3.9149457301797472
-0.697832781616682 0.32111592536178346
0.6719781760419297 -0.04553919199520351
2.8347016287231845 1.0758631017821956
2.6481490282396996 4.099260847126421
-1.5908011580924681 0.6975754766610409
-1.0068717348771499 2.7251212998843926
4.864975857686465 3.667717452653262
-2.3608317032476753 -3.6520686341993462
-1.7279277807300546 0.22100056179186556
3.300353988697335 -0.6928946381256464
-1.044285277836864 6.070054914582458
-1.0826372176988932 -0.29036669994543607
-3.5041187432985588 -0.6596591970011438
0.7761058135289294 3.3136271075504435
2.67203461102358 3.4212527971093163
-0.8911421715662673 -2.4437386796066947
-0.8796610151943001 -2.9382232370576857
3.3456634112538097 -4.440903880003868
-3.208849118114507 -2.280561767383974
0.9605134630511918 -0.35665896873385705
-0.8822446769345644 -1.9701226891047083
-0.7208537297591182 -0.11571420776791352
0.8474185488798607 4.344413331915501
2.800112961243446 0.5358535525358628
-1.6087018685395682 5.477453872057181
-0.21267428285667278 -5.310791082767955
1.3193463808136032 4.388617055785972
-1.0161098447614707 4.312310928203843
-2.73405067581157 -1.7808022390377984
-0.19757146820985394 -0.8608625864036838
-0.49661030132531325 -4.847324145739014
0.4916089018319054 -4.105124180817354
-1.6472489504378434 -0.4712473919466027
-0.4510587849874157 3.5892263735387155
-0.6369805705848428 0.477273249618583
-0.14667738145086862 1.8760940487858608
4.010804936334229 -3.986783359117493
1.1947472872847706 0.13240524712332702
1.1780234789033033 1.456185819231671
5.266479903762951 1.0265074332936388
1.046853763932324 -0.8912968627313895
1.3984100310561143 -2.53017327889415
-0.355803122569319 -0.33930205288524307
2.320132054346068 -2.5442599967393913
1.0366808757455648 -1.4298497318021808
-4.979752985918901 0.2442299729907651
0.2900704381254754 -2.355258307723063
2.5853018105796464 2.7432543485452863
-4.21631348233764 0.10944884089783224
2.7899094627769294 0.4333996006558538
0.28582189855442763 0.664422971923929
-2.478389189684823 0.7714810533175864
2.660895530121066 -2.113573045476435
-2.0231247388683604 0.3844278599467623
4.707373371421542 -3.2877117279787944
-1.3125640359166786 -3.941904160879235
-5.9754762272139095 -0.07655726576429212
-2.2343347577422996 -5.155063785707827
3.2190470968160154 2.64959930589292
5.256277276295178 -0.835315929909403
0.6255154434670693 1.1945899164754348
-2.6376830908938302 0.4182758451501778
-2.3265699476016235 2.084134213447358
0.6086004674428704 1.2870374771877433
-1.7912675502743816 -3.140242954577135
-1.5365857663398552 6.585220536378958
-0.16170482316764812 -0.747296607056112
-4.7486089024509255 -0.8684767947282692
1.7761020121739843 -5.928698740710405
2.001730559934364 -1.1996054100191804
-0.33247634768581147 -2.2175002544347406
-0.7098557508713714 2.353265611009938
-1.9681776347567808 0.813376585172088
2.2783472248289116 2.797397648476509
0.5563832672398297 0.39566709364429054
1.208466261569932 -2.6035614647764174
-5.501336600333127 3.2761794182340642
1.1427149670399435 2.9962834425340494
-0.24629288161031182 -4.999761979565824
0.6212370073136309 -1.430263379341838
2.3257687980692614 1.6880855554286
-2.3382034041452195 5.158987821811464
1.4952441271744208 -0.10808212765241043
0.3834261542318296 0.5014566642875922
-0.7964431909503755 -1.4397387050121262
-4.826856402237464 1.3428026442657672
2.4276999952349945 0.6055154865982884
0.845665781984688 2.1181792662071537
-0.00925751731349056 1.0838519352981084
0.08616004423852341 -1.8300452126890523
-2.9579824833511092 2.521696515330456
-2.6936760223967737 0.7240921179562738
-3.0686607824227217 1.1791059515258446
0.31199878224513533 -0.46679134606824324
2.000804255082278 -5.140886191964127
4.690867439244497 -2.8166812704413506
0.8705205740179327 -1.4083443962719282
0.5805205507717659 1.2698106211954068
-1.520457705547418 -1.6703649298394097
1.1362270111321813 0.5640755283772356
-1.065585172428374 -0.3996187932596582
-3.9587744695313387 -4.1462553500920265
-1.6259649323177765 -2.269003928849903
-3.550937906772159 -1.6511253116750677
0.36077988520461757 1.3342500594177737
-5.1429273245152025 0.5841655068662561
-3.5092985045946627 -0.9484389975789591
-0.13402881168757685 -1.3798431973624263
-2.3843949610734545 -1.365280287624131
-1.9386682377271987 -3.7891990073474
1.2380854009751103 2.752285881014666
-3.1864015122503946 -1.074788743540095
0.5422671977199212 -0.05381205551767865
2.1559347034134895 1.7813871961207575
-0.2510344926693131 -4.070292456072362
0.3637197732090316 -1.6266355461193747
4.042346584308721 -1.8012192477599145
3.018915923251509 1.3705076356903714
-2.6315453129579964 5.410027680700818
4.6199356815768935 5.760291483993267
1.5261854172524032 -2.1299252440104537
0.15874688157329775 2.8113561352983396
-4.512300995365449 -0.4529703054495826
-1.5045598146724486 2.5325990361852413
-5.068702913102651 -4.754437065624452
0.4320361192717921 0.38642739945471494
-1.0475314507917757 -0.7667056709032174
0.8099695325934846 -2.874946400362561
-0.44039143617662657 -1.009653931189464
3.7510463620793617 2.3257874180616405
2.17469357545039 -1.16304169650865
1.8190343492503454 0.5878352277829824
1.2785448877040486 1.3764466915696918
2.5967401030880604 2.9147258484125764
-3.1925963719741297 4.286015935549161
-3.7790227521787365 0.6092423462741516
0.6610773341569893 -1.6330097526783414
-1.7766383206388419 2.125855660829804
-0.8506475242588241 -1.6966281020599885
1.988075364757674 2.4110592675913853
-2.6871612069140616 2.0656658935264467
-4.843551021504521 -3.2842497230581755
0.3320511741885065 0.7774312334931981
2.4606123896445418 -0.7853056121782919
-2.118686633235707 -0.8253772503843657
0.8583228777666605 1.908600898898694
-1.4626605178697965 0.07112139830890118
1.2622208248962137 -1.9029087538476164
3.0374329039149135 -4.817464411709073
3.114240888020828 -5.654872960336713
-1.7578717822912586 0.6684021283488315
-3.913730114351736 -0.05861551685490807
-0.6111589786763032 4.180917501363748
-1.2221093157335408 5.537666384774952
-4.277603783065711 -3.3137786999233354
1.7301287452072112 -4.227880773442973
4.973124503920265 4.483842613578304
-0.0813063947150019 -0.98727968643083
-0.15898731177140268 -1.3927588658656576
-1.3287839552206788 0.9932608262024851
-2.1601815199622663 1.6534066861927368
-1.8667013151444207 -1.9044905571648014
-1.1472373806894707 0.8787476225912814
1.4880619507439539 3.0406636643653044
4.021505472677285 -4.30779316946613
-4.5186053403112885 -0.033993989869279595
0.8921365049470595 0.7255027765807349
-1.4375927055275781 -3.8585396067703335
-0.0733717636544885 -1.9271921556127913
4.19089397862356 0.8746698707661635
-0.03384469740896767 -1.0245537951959975
-2.0280850826844854 5.853603142060818
5.34652263776315 2.2970203394269038
-0.9425572818933023 -2.457278662573697
-0.8254225571467786 -1.2385668345783887
2.184465773437294 -0.874815294001511
-2.594483798480259 -3.8034330383984187
-2.4765115323775007 -0.4612814109657384
0.1299597808734969 -2.4104341804169565
0.1057256472443564 -0.3261174567997944
0.5694630301815251 -4.171735715575685
-3.42660217558889 -0.6414550480840486
-0.09528241652503722 2.262677524099097
1.5094486281290358 -0.6554971096151174
5.559658656211939 1.2160252335376192
-2.9632333798607675 1.0637336393041732
1.9879630623508042 -0.6114840255630292
0.9567734977326801 2.0471548694927497
1.2524823775820906 3.2750841320380193
1.4722391303827995 -0.7693368737945614
-4.413264827341463 -0.574352932586903
-3.614949279718323 0.038973864336594444
-0.5493735785360983 -0.9057086046377893
1.2831234908319908 1.0333170649357992
-1.3495934222719477 -0.5682633205448898
-0.27468154197291805 -0.7739629712737282
-0.8184554778294943 1.0270615882311587
-0.4572379233919972 3.574920173515049
-5.760627776336073 0.42224383481274175
0.6609066161513137 1.6157082019398774
-1.7884894994940166 -0.5152030969713661
-4.292155569865029 5.024267640912476
-0.6666739819205785 -4.095488976101021
-2.11275426574995 -1.5878016529875234
4.234225161160786 2.2738562046095514
-0.08874242360661455 -4.633652953970902
-2.899627893572872 -3.7885255907800692
-4.62961361856096 1.5967956043107256
-2.564400372271175 -2.1042701977715192
3.029206383313303 0.9637707249433678
1.7852324106580526 0.6759276760187314
-2.5440560573355517 -2.6933105841393186
-0.83537480234091 -0.28768908447817887
-0.4113033228532075 0.4027985657698574
-1.4729756296517138 -2.5138884257071568
-1.5444787491125593 -2.0701455786095337
-0.03217878549412867 -2.49658356437221
4.933259500572306 -0.9629933407608644
1.8723426100732579 -2.6065390906668653
-4.782875075073966 5.450696577634693
-0.6248343024756204 0.2865270240400539
-0.6517788906427651 -3.151094875488332
0.3673675807932537 1.161476473649607
4.035088582546766 -0.5651495322980017
-2.95147543456092 -3.8686248235675103
-2.8582833926898226 0.22850882277047713
-0.9897151361611973 -4.05044382662372
-5.921829102434049 -1.4811898887735326
-1.1251125575233196 -3.177655450202098
-4.278867695012199 -1.273908072747004
2.8959812437278742 -1.3565945147666074
-1.3419190170830637 -3.4344881957190507
1.0743296570433718 4.09483389356954
-3.5844157975040885 -0.15364516612293766
2.318024934295302 1.3147198084907314
4.247521194053549 -0.4660640452970086
-0.5860406698090974 -3.6459631878334213
-1.5253617064658103 4.0623920278897065
-1.67193047632873 -2.6885832716716065
0.5483576824396448 -0.5260902393458632
-3.5288630270041117 2.295203770164756
1.6796249112712456 -2.1033996979232485
1.374444013227869 -0.2965182568295137
2.493823342707307 -4.119095656238608
0.09499230432555494 0.6671611095578376
0.03573836406808961 0.12682019260019306
2.107072757716293 1.7825505997861426
-2.10009246159083 3.470485926927619
-1.8786043760341309 -4.6574343395605435
-1.3863852118465738 -1.3724872959154428
1.7665017815055362 0.5377402000984426
0.8105506301054093 1.4966682152441129
-1.6355935353268862 6.140257435256944
-1.690178382902296 -0.26972343562388
-5.34405187825898 -3.5430682527607207
1.221580777644187 -1.9285077109202193
1.9416505353062803 1.473175319030136
-4.884950713509579 1.834715065108961
1.2165797464599954 -5.1726733303532235
-0.14345890765193856 -4.963039438761936
5.3192255274890226 0.6866810967109465
-3.461280162666911 -0.948208116567403
-1.8052722760109354 -0.4408069071058125
-3.5720989254559425 0.8349432796918801
-3.319390179426935 2.1184601794562905
-1.1638773295969225 1.0777334462737787
-0.9609404043856111 -1.724250528948792
2.625162546356993 -1.1517950761161244
4.044204112351332 -1.0875081761693313
-2.2516000370244367 -3.190457562410047
4.016098091177112 -1.8375037792083315
3.0562219275786964 -3.5036276215496014
-3.2517727909445635 -0.34422561701634913
1.8839736845193014 -0.9089532447760711
1.3169321235837135 3.1322059535727282
0.8428752785219653 0.26648990902521064
-1.3234252271311944 -4.107009828990832
1.7716537711135993 1.752195211935447
-1.9068853952831817 0.4442960919094583
-1.62088163751696 -0.01970824724139897
1.3525846546803297 3.3865054498862905
0.45196722434188663 -2.6440909611551153
2.4779448887404794 -3.4517400701779803
-1.6629146292956278 1.6418883563082503
3.0043379822990284 1.4184948896615999
0.39137980848865883 0.035534826357278115
2.7320618518064794 0.1249029206640575
-0.03233729118327844 2.912562663345798
-3.5748964320520904 -0.5295125190874628
-0.8758994570354375 0.5098900207012511
2.272146782835891 -2.1443896195723506
-0.11326699605948032 3.1956112508821386
4.180076476026231 -2.2634944773919274
-0.9202978708402973 -0.9124317159329352
2.033964825103829 -0.47072887412297426
3.3550804689934095 0.6155196075945026
-2.6546672312654667 0.05179335181768607
-1.4370622615984707 -0.10479322166703131
-1.7610350216758963 -3.3914472663514115
2.241689376055329 0.03720753768752372
3.425141575804707 2.96099535374585
-1.5642900814697547 0.8092865097331332
-3.03926939157609 1.3859734564536286
3.1380548833693007 2.8502642412459736
-1.0046392385696263 -1.773349250651687
1.7721425076848005 -0.9718220171378942
1.617667141663556 0.8705370961671652
0.5465675653013755 0.22219590087986418
2.3071134024588105 1.0930509545618712
-2.371874297194593 -0.103916838645838
0.21320193198751447 6.3843171223793
-2.852148913094191 2.81814127167983
6.8992226906799194 5.484019489640953
-4.206330854118379 -3.3135346297363517
1.5420782116371283 0.1427954739448012
-6.298984660758894 -4.865368444710672
3.0435905356012958 1.1051303533050776
-6.7972046750710895 2.8057586256276332
2.713363867225845 4.046288678279838
-2.494812955893052 2.7609584976753494
1.0770753959452577 0.34383647070099155
0.43268667315952514 1.90244970640182
-5.04661938888893 0.12311917514092308
2.1155881814859314 -3.7499200101139976
-0.30582210890753236 1.3887486018631972
-2.703278927253007 0.740851676977142
-0.9337537027634584 0.7661826841508457
5.246718740291501 0.22153580616543245
0.570222470270318 3.9727766271681704
-0.6026087183346647 1.032840948717432
-0.6068998845353644 -0.9654345502838577
-3.0413919650567185 -5.088137121078883
2.955702934852426 -2.4686945236588076
-3.4051469193526387 -0.09600615238318899
-0.25014099732993333 -2.4231580085879627
3.003872217699923 5.267037807945945
-4.616604215410973 1.9410885361923658
-2.4727740301137056 -4.579724477363534
0.5869536431140434 5.6970523075059845
-1.828444034052275 1.0363540263892261
4.286086961092667 -0.9711882684084667
0.1966810082701212 -4.274982157147235
1.7556467914775569 4.490849882809559
-1.904778952531557 1.320437693053055
-0.2701215625452682 3.221207521292482
-4.005735077708733 1.8774947733282206
0.5109436108422412 -4.181847129808687
2.247948943172106 5.358920786430055
1.029053214165176 2.6188030768665467
-0.25051710167954333 1.1420859353736148
-6.343621126284985 -3.388365347144262
-4.015474031467758 0.6617055682870938
-0.2437097346448438 1.1676859388866614
-2.3377183148352167 -5.819229110602191
-0.3867725169932932 -1.8564516092684606
-0.7719505539300444 2.556259783437496
0.547443761499125 3.1624237066998244
0.23050525823646506 -5.877731775187958
-0.12044718240684649 0.23160239517366765
-2.829117356892045 -2.117394227100191
3.1919379947059294 3.272720204481266
-0.2322200421377485 -2.2960579015928273
0.9281247803534791 -0.2776724702525962
4.490310271380451 1.017357729128343
-0.9504113290890037 -5.330730729143984
1.0021029083816315 2.18038166262646
-2.5564585013183105 -5.62263630932793
1.2524984023088117 -0.14614488393086145
-2.780019849239344 1.1466942080471192
1.2114346431831313 2.835664267444149
-1.9980124494070166 -2.400359242037121
-5.337168457500168 4.795574533726631
0.4056706826020653 -0.8606260288163892
-1.3884989809078319 -3.431898700306234
2.3382203897598712 0.8834861969492409
-3.4092194900588177 -0.10206675775102358
1.2611958281116573 0.34460972472954343
2.0892205409283697 -0.5820365936440905
-1.911156219736558 -2.2328754484276985
-4.29939055268889 -3.610735951904381
-1.8271560055984715 5.352304260228576
-0.08198526023701541 3.5882773146575575
-1.4041632839251939 4.810530264590257
-1.443588053737379 -2.958313162508075
-0.27049264302063936 -3.2958266806713334
-6.004725992045026 -0.14303851497652698
3.1571268730212365 4.227945855695473
-0.07211630980866368 0.33831873076748487
-0.4014650471221639 1.89649395597722
-0.1655183519858059 -0.18044612618728095
-2.62874744433877 5.234838730049895
3.8291871078165256 3.115785187184806
0.7566885063438651 2.314591149808228
-2.7237359836595063 3.2914126972040343
0.6177560052686477 2.6862638956118303
4.1559032641512434 2.47018336757374
3.182747597502381 0.8034302105872166
-1.9901165899121767 2.080469241740775
3.4168187497432276 2.210602220255591
-5.19149531627107 -1.4640867299165015
-1.8703877871799561 2.916408017144809
-0.03667357181505704 1.7662484814804622
1.5385852263507376 0.7654149542679942
-0.4091528054972233 -0.07389571813734896
-2.3489699430905735 -0.26048786933567225
0.650354452694784 1.4758304898881787
-1.8878281301564068 -1.0418344641849646
0.4987316031425628 2.7947865320607317
-0.7748389201548594 0.3254537778528057
3.4490631484238428 -0.860264094205009
-1.7083114870519118 -3.149714692640223
0.8035572590726252 -0.9804178086374167
-0.23129328600733157 -5.312607327833004
-2.5673331525022243 0.6996155914091187
-0.07755189802342755 -2.3399778304194547
4.890065919986895 2.4414804975213777
-0.20171427314966417 -2.027733265497002
-1.3822272303271061 1.6798379843502274
3.7730854567663794 -1.0141561485090334
-0.8587874100399038 1.299381915608964
2.7189442337073286 0.1424950036985324
0.18084321848475526 -1.5717887319989217
-0.8868097745242647 -4.529193979730731
5.412435235769312 1.7145848999795428
-2.3934444113967217 0.32855596845204715
6.473682564104607 -1.9976869969753912
5.179835694995213 -0.9776565616564901
-0.7674007392677571 -2.38871767658369
-0.008449619129684116 4.691433109359809
-0.3285138571488808 3.3266759161501804
-1.2073788712669726 -2.2210339663634047
0.6354377865959169 -0.6178759727169983
1.61907427731271 2.9008885813729757
0.3879427120279759 -6.48148044668313
4.654727928505057 -4.598984479335308
-2.9437389648574803 0.9628911021182995
-6.126847237341962 3.894844021213178
-1.6561686038325099 3.1620154041547526
-4.84390308521009 -0.08762241803130122
-0.24359441974616747 1.3476447859423575
-0.1815391043825172 0.4714302774528045
2.0522624425015303 2.563520065728353
-0.24247732470290617 -0.12241331729215243
1.2494423937699857 -5.811976505402245
1.4266041448118645 1.5283348385889028
-1.4502842364954747 5.189893884371064
-3.7609887138893785 0.21135582844860945
2.604818750969405 4.954361576390396
0.01868021345843296 -0.6921430636508648
0.3574848805597499 -0.5550451915285857
2.925450995324839 -2.418619422811403
-2.5276361016479996 -0.030274640291468202
-1.5564118937583813 3.9951964846883303
-4.262863908187131 3.226905889050114
2.4696457436526273 2.1565254985216837
-0.7652391978088838 -0.2897415502699425
-4.901929372909629 -3.3186817933640147
2.98336398099719 -3.27314655588996
4.375496461967836 0.5315201361388113
1.5568843207899876 -2.4272182858359597
5.3025525410879535 1.1513603303702888
1.0256073527577092 -2.087159283430206
1.0875537947790836 -1.3499758978470382
-0.49571371303616285 4.002759899775633
2.148284389545757 -2.5577205000589682
-1.1030322059237108 -1.852683978155268
2.2894186683470257 -0.6251915915235227
-0.2169459595912704 1.5048123060773166
1.9233778820941856 -0.6825885941023175
0.16901451727987382 -6.2623292776533
3.6024210297345043 -4.471563745884647
5.91790718730518 1.2260657728934294
-1.35873839963425 0.8295182069770899
3.8695734077059907 2.462788264692396
-1.1436865077281346 -0.7906650999026126
-2.50903088787428 2.8364708633606734
-1.6649424712908536 -3.3615108104626104
1.8997542328049097 -0.13509527856790338
0.09804511321084441 -2.3299144148418387
1.3291937087270145 -5.012492040308717
0.16879606950286752 -1.2648267629225982
-1.0857181335641188 2.608870611203307
1.9558098551432561 -4.797717730955108
1.2875518087067181 0.13731569706416763
-2.048038744454124 3.2940693584515843
0.07637953341732295 -2.0248150617741594
0.3165406574779748 1.9558731691018405
2.1306475750252485 -3.169996291425655
-2.8070804117602717 6.383936247761401
0.4012409929368188 -2.586246319051204
2.498664953649791 -4.6711546363193275
1.108614670161943 1.9930859336944131
5.530524186952955 -0.16436970265596607
5.579221351701484 4.235010332584234
2.9927497123102063 -2.1727187684699167
2.338627462437624 -1.6811057877660187
-2.9651528357899055 -0.9894619399359139
1.1245302605182141 6.335429200965496
-0.9453066662726215 2.4662711628873577
-0.8787727408453891 -3.240474065666206
1.9260633752528329 -2.07614986269797
2.8352974643976223 2.212334870594103
-2.4825927613937377 2.76820680152537
3.8458531671557292 5.480294738355956
0.49631523262732413 3.2687306157306533
1.5569544964025384 -3.56001651600856
1.6683857825779453 -4.1335841998051395
-0.3724811304248363 0.8447507065996605
-4.0530445996926385 -2.8417579488959173
2.6324015520717152 -0.2565642016165719
-0.07302055827096643 1.345754082476195
-0.13735953407622326 -3.9998968701765003
0.3342274289184335 2.259973317319992
3.399064900079498 4.2118981251793635
-5.281895940176952 3.582591454812408
-2.3680590054729267 0.14312387290113104
-3.808371968664201 -0.26075056506000127
-1.251344702926671 2.8279398608799977
-2.213121296173589 -0.11733719571530177
-1.3906920272577286 0.3554208901965634
-1.613464976286608 0.6241859072065146
-2.1447796089231757 -1.4393467151591732
-1.6891401936754165 -0.7034703042907644
-4.925942077201405 -3.414097212706279
2.6595985965989564 2.176625825118882
1.4096596685528797 0.010241138159723162
1.3194471635413016 -0.9695939124617476
-1.0307211537492456 -3.992279543998085
0.5530952084222331 -3.858107934482538
-1.3733554522634563 3.4831104825148493
1.7775298718617312 -4.975113193798144
2.5400843604576897 -0.1687772041261678
-0.16953572956439555 1.0113778213280247
2.234275807913819 -4.4934909052547285
-2.0250483324868043 -0.48835965870666576
-2.3688528780950686 0.7313773522938971
1.6363462530226665 -0.2500305198572734
-3.3513860163606344 4.16228460782765
-1.086221289301136 -2.073262471049431
0.49031916680949805 0.7926807523747872
0.37251513215723175 0.46544117887822267
0.6138172867450438 -2.9843349739180827
0.5773668689079794 -4.791687752548602
-0.29978126599648114 -2.371867124191112
-0.8345195692549712 0.8070401994473686
-1.2064727238252728 -0.40086953514427937
-0.504977619539954 -0.06214578323660741
-0.33521666400268213 2.8379146022166144
-4.272556421726335 0.8936314789447994
4.681254944175893 -6.078766732045615
-3.9764105093915156 2.0497348282892265
2.7409665617316463 0.3608728175015612
-0.30666767255612304 -2.4505351531198665
4.910550512160096 1.294637793853708
-4.286393850866215 0.3491217705551861
1.404647650981865 1.627976321782084
-1.7619647363337738 1.4745784522587697
-0.8997135277000698 4.742654994639261
-4.677750764628245 -1.527084646476419
1.4336877855284653 2.591929915434288
0.03217357031383128 -1.7913018004979093
1.6307803301197215 0.29897243292622555
4.590065945810094 -2.962611521913064
1.8698905246381816 2.9499989668353375
-2.3358687010856145 1.9726589113762159
-1.0409111238083195 3.99160739919673
-0.021240437051589234 -1.174180902953783
2.648541983902894 -2.660105937756624
2.4517930237675474 -4.574098708161165
-1.5907984567953948 1.264028106737509
-0.623757021726301 -6.372440152638877
1.1628592598880827 1.0103795728725005
-2.242381510562767 -4.505454823560331
-3.8889935706464525 -1.603685489856608
1.6073464124335581 0.7160587047164579
0.48028762346710785 2.8080706707417358
-1.1507590426553618 -1.8692570925136471
-4.556303610749742 2.035521143576744
2.7644390145903026 0.8500960301573146
-1.8249624235683042 -2.19982071686031
-0.10104118385637895 -0.009029113233093522
5.518190681577645 4.127345509393052
3.8275993275114484 6.4453360756170515
-1.8484806552393842 0.383486333946492
1.025864133107468 -0.05632675463730408
-1.7466914449399185 -0.5217057212126028
1.314571975712 -4.000491655737809
4.860944404287739 -2.8804397311406915
-1.5667314948994182 1.9630826790515155
2.4968147172472546 -0.3113346562753212
-1.0607191124397675 0.24489700963668648
-1.5846242690003938 1.3089677439901575
-2.5540998804227186 3.251217542164485
-5.787474415707139 0.670266321331253
-1.8285881965426194 -3.7100379403239154
0.7818838391010257 1.3281821507824625
-1.501229751484229 1.8578688198584095
1.9472746310555644 0.25746026468893746
-2.7524194020121353 -3.113200117773115
-0.893971061080665 -1.8824559225827597
1.8242156980998936 3.068880201333773
-3.06343418882427 1.9017237627613168
-1.4315263393783044 0.4739549674050654
-5.8322608834844605 0.4647877344358191
-1.74978958668216 -1.7546991029555126
-0.4937717604730816 2.2885453911089404
-2.569529052026681 2.1704300724773127
1.9568505398137654 -3.2994847548893578
0.5051449259513214 -0.8162561218224231
-0.009474693073439067 5.32319282939674
-2.143453493888575 -2.699023131088439
-2.6573564396688965 0.6179603411161936
1.2636240174058813 -0.8071400170533537
-3.4328546529481967 -2.8420299004988285
2.6067356842483105 2.40439706774917
0.22883959818128452 2.2048066334432423
0.7123327351406221 -0.7236726430368243
0.17093687613839914 1.484901347214187
3.721838856299787 -0.32463219521884046
4.896322895483139 -3.006275897750577
2.408214171966146 0.5136853652969915
-2.7852565972878613 -1.2187203139441332
-0.8977148548751811 2.3970321307803237
-1.2064305630789618 2.8518317859577893
-5.656946110209041 0.09413662566332803
-3.8400205420216276 3.354147055389161
2.937494833424756 3.4475140434198446
0.24559190337599723 3.773435782758253
3.549918596074696 -4.73206076448244
1.691867927946614 -2.0857790975320825
-1.9102663936978144 1.6229029613088852
4.2473628958047405 -2.226072584498536
2.502043251791223 4.691976280643128
-1.3707865212170591 -3.214633270110621
-0.2133846430975903 0.5461491387084583
-4.912329658223824 -1.1246240620655152
-3.2358116824199037 1.330196456042733
1.4592190389623427 0.3636918789869439
3.594741391490965 0.08102487138990133
-0.7001541618092766 2.294137243693078
-4.986063553210638 4.450789008791965
-2.031973866487559 2.6388622799682446
-5.883410493631659 -3.1222437354655455
-0.8555071367526357 -1.294371005734633
0.5478501788919483 1.1233072127142671
2.6995027502359243 -4.745722762912775
0.689982500422579 -1.9307723711951827
2.7531258463031545 0.5448439457994834
4.483912667836407 2.3321048453362687
1.6338043706027672 4.018722053317152
1.1751196823270784 -4.069425003546016
-1.9581276355709878 2.36951728236809
0.4044673335044129 0.6985253551104762
-0.22676930860745337 -5.297433442355363
0.7800803933608496 0.876352810297071
3.273805753342941 1.1650630855926014
0.8237651969632247 -0.7829077610210067
3.2738256001790367 -5.589451718049588
-2.477014666620009 3.3806273559018623
-1.7318467588618331 -0.2220077793615003
0.3969232477019311 0.3849192882352792
-0.22537263348244313 -1.4257146975654627
2.8246861596548527 -0.6570286985990544
0.3742659186913375 1.1738437785305984
0.17894831238557418 -1.1498805814287674
3.65166262202374 0.09903468970021612
0.7855625111369786 2.284148180169762
-0.3816635639961614 -2.208736584537367
-0.4154137261446369 0.7183471617555559
1.277290698407287 -0.2711124829696817
1.1951691702533784 4.77228575481886
3.7488573139021 0.2279964485724406
3.174654740619472 -1.0771986146641646
2.6627010869263006 -1.629547255763369
1.557412235102481 -2.699962513848408
-2.3971568775268826 2.9036256845384014
0.5406435399019873 0.44899556049780287
-5.1420697667869035 -2.0939120467501846
-1.0107168343541497 -0.6257070637172806
-1.3387649501743637 0.149799676814804
1.8488279414847844 2.0696496792600434
-3.2860897431975347 -1.3421863016730304
1.0000340721082863 0.18041668409155243
-2.9875859481074407 5.075174004052745
-0.7707472284382613 2.4118175798662644
-3.979246756732575 3.868811544200918
-0.47349777499002954 -5.137927252029637
-3.0126938113327864 1.4227463450453879
-2.050973547807817 -4.582931409582285
0.8955113237754779 -2.7563437487218168
4.556684582408427 -5.29226888113395
-0.011837854511753676 -0.9719025834329007
-3.804299956041136 -4.8205427627130115
-0.8988574754929886 1.474680241559509
-0.9167269825434454 -2.040770162562173
1.1297979887178877 5.682453478857329
-0.48033954670820656 -0.2642744326574662
3.224424664609569 -1.0632114609707863
-3.8691711071029538 -0.8680017586098736
-0.707375097048029 -4.312043808724659
-0.6290584564963038 -4.3532381363280805
1.6398880870655592 -3.8759241030150444
2.6438168425282766 0.43992770687699867
-6.555783986696804 1.9903214513119196
2.0742246490915477 -1.6593936308535069
1.042975056060783 0.875823006310398
4.445058123924472 1.0142389910201741
1.7032169902137033 2.986593719060851
-0.9158981973062748 -0.47035919106606094
2.800665505948057 -0.3341696046485795
-0.009915247188301723 -0.9933236296685584
-0.649050074311154 -0.4887425760578674
5.747627513175278 2.185272396057915
-0.908221878335316 1.5688322645975727
-2.9651799718092673 -4.3409835640704815
4.561872962692499 1.728173102596195
-1.524330786186211 -2.03295984569364
-3.293913989322924 0.9615897110851881
0.004260756320483616 4.650280233194581
1.2176748705384037 1.218723005629169
1.0267533926840446 5.720178883303115
-0.9694767165333935 -0.13895528959808523
-0.21762266823574006 -0.44365087771103084
2.0210016444962973 -3.2796904394504702
1.886487207446839 5.0254825026923955
-0.2739719904859452 -2.801148822080496
-0.5829282889260952 0.42357247584249835
-2.120512612853177 4.3991592453125845
-0.2448617507350468 -3.2321938279498945
2.581969658963745 -3.123707661664545
-1.1798663661565678 0.9465538460379719
1.5068970854413806 0.784854671537258
-1.9271476761915918 -0.29867859265487917
-5.29972754949396 0.9060729804278749
3.676451236712097 -0.8194187414850904
1.8440906895000175 0.9633076352444561
-0.3492943466246154 -4.7195752691891695
5.49582689906008 -1.5943894133913543
0.14001636158052477 -0.7540106335835214
0.993396502270083 -1.8178035196296916
-2.08750903631566 -2.237738058209896
-4.833666787241382 -2.681622688825503
-4.905990536380685 -4.055904539975365
-1.0735127428706834 -2.111552206698815
-1.5829339937423317 -0.07780975743459884
-4.567895421368003 -0.31588131059700153
1.6894316166723815 1.1565568817497458
-0.02655241837689637 1.7999791362968596
-0.5978267564786179 6.12324540512681
-5.765688195900914 2.1766216392894817
1.861048512992297 3.605831816048812
0.4585240855613373 2.8913283744340412
6.207073781704882 0.045144624888407425
-1.5255573294692006 2.2919623411004393
2.375225891649685 -2.3447741098018766
1.8140349992014322 -0.3161757589420682
4.317069059243192 0.04665278994618882
1.9294983404859507 0.33384926409469085
1.9060632332471563 -3.05857459194054
0.8214818859522204 0.06686996935509448
-3.4051248322786085 -3.3167805026276094
0.41156830175074344 0.3368888416350022
0.9594358356247952 2.956763524784014
3.2848241790814603 4.149893368093516
-0.8530429250068213 5.537864309438105
4.780923748990855 2.0984888355573394
-5.573127882847663 -0.6648593046611744
-6.285031903128268 0.43685284187624607
-1.6334104725183967 1.5636402190354275
-1.1722773437427865 -0.81476878758649
2.6002949940863367 -2.629873817064788
2.8143593211268447 -1.938952662301387
3.0706685156520006 1.26069358238718
-0.1630063956283072 -2.2455658492758976
1.0880054297314437 1.1930920567765941
4.279313032786115 0.2667908197441733
-0.21225852938964268 -1.4209880842867255
-1.11127909409399 -1.5175484962848067
1.8980797555624758 -0.4992045286057184
4.018019083252021 -1.1787144510807663
-0.9238755249517556 -3.0574124009636146
2.765632690149033 0.28133939304576516
1.0218094087637861 -0.15282303984074108
-0.4036191422447021 0.9530405060579283
5.221239832869545 1.2537528221571543
3.8990989944687735 0.5311689741486578
-2.306354442370016 -0.8224602012221611
-3.0398447826195154 3.94701858320272
-2.758173898903089 4.893887851964937
3.100403676826158 1.0653338328560684
1.2127319489295738 0.8109395882265642
-4.193513002699228 -2.2442272177540565
-4.381378567472968 -0.9400233635951158
1.0564292633695698 -2.6596152302622955
-1.6196255842016543 3.6848547162703955
